0b000101 0b000201 10000 10001 10000000 0 9275394 3358240
0b000601 0b000701 10000 10006 1073741824 0 359707887 360094700
0b000801 0b000901 10000 10008 1073741824 0 359707887 360094700
0b000201 0b000301 10000 10002 1073741824 9275394 541717839 360094700
0b000901 0b000a01 10000 10009 1073741824 359707887 359707887 360094700
0b000b01 0b000201 10000 10011 1073741824 0 730075160 360094700
0b000501 0b000201 10000 10005 1073741824 0 750213664 360094700
0b000701 0b000301 10000 10007 1073741824 359707887 448120781 360094700
0b000301 0b000401 10000 10003 1073741824 550993233 594736598 360094700
0b000a01 0b000401 10000 10010 1073741824 719415774 581293517 360094700
0b000301 0b000601 10000 10003 1073741824 807828668 526621916 360094700
0b000201 0b000b01 10000 10002 1073741824 730075160 700846341 360094700
0b000201 0b000501 10000 10002 1073741824 750213664 700059782 360094700
0b000401 0b000101 10000 10004 1073741824 1145729831 579567737 360094700
0b000401 0b000801 10000 10004 1073741824 1300709291 572000002 360094700
