Sorted Latencies (ns):
2038
2038
2038
2038
2038
2038
2038
2038
2038
2038
2038
2038
2038
2038
2038
2038
2038
2038
2038
2038
2038
2038
2038
2038
2038
2038
2038
2038
2038
2038
2038
2038
2038
2038
2038
2038
2038
2038
2038
2038
2038
2038
2038
2038
2038
2038
2038
2038
2038
2038
2038
2038
2038
2038
2038
2038
2038
2038
2038
2038
2038
2038
2038
2038
2038
2038
2038
2038
2038
2038
2038
2038
2038
2038
2038
2038
2038
2038
2038
2038
2038
2038
2038
2038
2038
2038
2038
2038
2038
2038
2038
2038
2038
2038
2038
2038
2038
2038
2038
2038
2038
2038
2038
2038
2038
2038
2038
2038
2038
2038
2038
2038
2038
2038
2038
2038
2038
2038
2038
2038
2038
2038
2038
2038
2038
2038
2038
2038
2038
2038
2038
2038
2038
2038
2038
2038
2038
2038
2038
2038
2038
2038
2038
2038
2038
2038
2038
2038
2038
2038
2038
2038
2038
2038
2038
2038
2038
2038
2038
2038
2038
2038
2038
2038
2038
2038
2038
2038
2038
2038
2038
2038
2038
2038
2038
2038
2038
2038
2038
2038
2038
2038
2038
2038
2038
2038
2038
2038
2038
2038
2038
2038
2038
2038
2038
2038
2038
2038
2038
2038
2038
2038
2038
2038
2038
2038
2038
2038
2038
2038
2038
2038
2038
2038
2038
2038
2038
2038
2038
2038
2038
2038
2038
2038
2038
2038
2038
2038
2038
2038
2038
2038
2038
2038
2038
2038
2038
2038
2038
2038
2038
2038
2038
2038
2038
2038
2038
2038
2038
2038
2038
2038
2038
2038
2038
2038
2038
2038
2038
2038
2038
2038
2038
2038
2038
2038
2038
2038
2038
2038
2038
2038
2038
2038
2038
2038
2038
2038
2038
2038
2038
2038
2038
2038
2038
2038
2038
2038
2038
2038
2038
2038
2038
2038
2038
2038
2038
2038
2038
2038
2038
2038
2038
2038
2038
2038
2038
2038
2038
2038
2038
2038
2038
2038
2038
2038
2038
2038
2038
2038
2038
2038
2038
2038
2038
2038
2038
2038
2038
2038
2038
2038
2038
2038
2038
2038
2038
2038
2038
2038
2038
2038
2038
2038
2038
2038
2038
2038
2038
2038
2038
2038
2038
2038
2038
2038
2038
2038
2038
2038
2038
2038
2038
2038
2038
2038
2038
2038
2038
2038
2038
2038
2038
2038
2038
2038
2038
2038
2038
2038
2038
2038
2038
2038
2038
2038
2038
2038
2038
2038
2038
2038
2038
2038
2038
2038
2038
2038
2038
2038
2038
2038
2038
2038
2038
2038
2038
2038
2038
2038
2038
2038
2038
2038
2038
2038
2038
2038
2038
2038
2038
2038
2038
2038
2038
2038
2038
2038
2038
2038
2038
2038
2038
2038
2038
2038
2038
2038
2038
2038
2038
2038
2038
2038
2038
2038
2038
2038
2038
2038
2038
2038
2038
2038
2038
2038
2038
2038
2038
2038
2038
2038
2038
2038
2038
2038
2038
2038
2038
2038
2038
2038
2038
2038
2038
2038
2038
2038
2038
2038
2038
2038
2038
2038
2038
2038
2038
2038
2038
2038
2038
2038
2038
2038
2038
2038
2038
2038
2038
2038
2038
2038
2038
2038
2038
2038
2038
2038
2038
2038
2038
2038
2038
2038
2038
2038
2038
2038
2038
2038
2038
2038
2038
2038
2038
2038
2038
2038
2038
2038
2038
2038
2038
2038
2038
2038
2038
2038
2038
2038
2038
2038
2038
2038
2038
2038
2038
2038
2038
2038
2038
2038
2038
2038
2038
2038
2038
2038
2038
2038
2038
2038
2038
2038
2038
2038
2038
2038
2038
2038
2038
2038
2038
2038
2038
2038
2038
2038
2038
2038
2038
2038
2038
2038
2038
2038
2038
2038
2038
2038
2038
2038
2038
2038
2038
2038
2038
2038
2038
2038
2038
2038
2038
2038
2038
2038
2038
2038
2038
2038
2038
2038
2038
2038
2038
2038
2038
2038
2038
2038
2038
2038
2038
2038
2038
2038
2038
2038
2038
2038
2038
2038
2038
2038
2038
2038
2038
2038
2038
2038
2038
2038
2038
2038
2038
2038
2038
2038
2038
2038
2038
2038
2038
2038
2038
2038
2038
2038
2038
2038
2038
2038
2038
2038
2038
2038
2038
2038
2038
2038
2038
2038
2038
2038
2038
2038
2038
2038
2038
2038
2038
2038
2038
2038
2038
2038
2038
2038
2038
2038
2038
2038
2038
2038
2038
2038
2038
2038
2038
2038
2038
2038
2038
2038
2038
2038
2038
2038
2038
2038
2038
2038
2038
2038
2038
2038
2038
2038
2038
2038
2038
2038
2038
2038
2038
2038
2038
2038
2038
2038
2038
2038
2038
2038
2038
2038
2038
2038
2038
2038
2038
2038
2038
2038
2038
2038
2038
2038
2038
2038
2038
2038
2038
2038
2038
2038
2038
2038
2038
2038
2038
2038
2038
2038
2038
2038
2038
2038
2038
2038
2038
2038
2038
2038
2038
2038
2038
2038
2038
2038
2038
2038
2038
2038
2038
2038
2038
2038
2038
2038
2038
2038
2038
2038
2038
2038
2038
2038
2038
2038
2038
2038
2038
2038
2038
2038
2038
2038
2038
2038
2038
2038
2038
2038
2038
2038
2038
2038
2038
2038
2038
2038
2038
2038
2038
2038
2038
2038
2038
2038
2038
2038
2038
2038
2038
2038
2038
2038
2038
2038
2038
2038
2038
2038
2038
2038
2038
2038
2038
2038
2038
2038
2038
2038
2038
2038
2038
2038
2038
2038
2038
2038
2038
2038
2038
2038
2038
2038
2038
2038
2038
2038
2038
2038
2038
2038
2038
2038
2038
2038
2038
2038
2038
2038
2038
2038
2038
2038
2038
2038
2038
2038
2038
2038
2038
2038
2038
2038
2038
2038
2038
2038
2038
2038
2038
2038
2038
2038
2038
2038
2038
2038
2038
2038
2038
2038
2038
2038
2038
2038
2038
2038
2038
2038
2038
2038
2038
2038
2038
2038
2038
2038
2038
2038
2038
2038
2038
2038
2038
2038
2038
2038
2038
2038
2038
2038
2038
2038
2038
2038
2038
2038
2038
2038
2038
2038
2038
2038
2038
2038
2038
2038
2038
2038
2038
2038
2038
2038
2038
2038
2038
2038
2038
2038
2038
2038
2038
2038
2038
2038
2038
2038
2038
2038
2038
2038
2038
2038
2038
2038
2038
2038
2038
2038
2038
2038
2038
2038
2038
2038
2038
2038
2038
2038
2038
2038
2038
2038
2038
2038
2038
2038
2038
2038
2038
2038
2038
2038
2038
2038
2038
2038
2038
2038
2038
2038
2038
2038
2038
2038
2038
2038
2038
2038
2038
2038
2038
2038
2038
2038
2038
2038
2038
2038
2038
2038
2038
2038
2038
2038
2038
2038
2038
2038
2038
2038
2038
2038
2038
2038
2038
2038
2038
2039
2040
2040
2041
2041
2041
2041
2042
2043
2043
2044
2044
2045
2046
2047
2047
2047
2047
2047
2048
2049
2049
2049
2050
2050
2050
2050
2050
2050
2051
2051
2051
2051
2051
2052
2053
2054
2055
2055
2055
2055
2055
2056
2057
2057
2057
2057
2057
2057
2058
2058
2058
2058
2060
2060
2061
2062
2062
2062
2062
2062
2062
2063
2065
2065
2066
2066
2066
2067
2067
2067
2068
2070
2070
2073
2074
2074
2077
2077
2077
2078
2080
2080
2080
2080
2081
2082
2083
2084
2085
2085
2086
2086
2086
2087
2087
2087
2087
2088
2088
2090
2090
2090
2090
2092
2092
2092
2092
2092
2092
2093
2093
2095
2095
2098
2099
2100
2102
2103
2105
2110
2117
2119
2122
2128
2129
2134
2134
2136
2136
2140
2142
2146
2148
2149
2150
2150
2152
2158
2163
2190
2212
2226
2281
2300
2346
2350
2351
2351
2353
2354
2354
2354
2354
2354
2354
2354
2354
2354
2354
2354
2354
2354
2354
2354
2354
2354
2354
2354
2354
2354
2354
2354
2354
2354
2354
2354
2354
2354
2354
2354
2354
2358
2360
2360
2360
2363
2363
2363
2364
2364
2364
2364
2364
2364
2364
2365
2365
2365
2366
2367
2368
2368
2369
2369
2369
2369
2370
2372
2372
2372
2372
2373
2373
2373
2373
2373
2374
2377
2378
2378
2388
2392
2402
2402
2402
2406
2414
2417
2433
2445
2450
2453
2462
2471
2529
2618
2680
2680
2682
2683
2685
2686
2686
2686
2704
2708
2748
2762
3770
4455
4552
4845
4852
5110
5448
5799
6487
6823
7120
7196
7639
7828
8163
8322
8335
8536
8555
8690
8728
8890
8931
8947
8949
9424
10168
10309
10360
10458
10526
10603
10661
10664
10779
10881
11207
11264
11281
11303
11319
11417
11551
11589
11663
11732
11943
12329
12402
12923
12969
13943
14663
14699
15343
15784
16019
16057
16144
16450
16747
16747
16842
17177
17436
18135
18260
18441
18459
18601
18736
18737
18767
19100
19740
19895
19895
20378
20667
21253
21292
21322
21484
22920
23312
24241
24535
25191
25296
25360
25676
25733
25856
26058
26354
26365
27256
27705
27762
27820
27857
27896
28002
28116
28472
28729
29121
29399
29670
29691
29730
29922
29947
30901
31056
31207
31398
31424
31777
32282
32471
32528
32590
32623
32734
32787
32848
32872
33017
33035
33123
33155
33162
33179
33247
33318
33397
33410
33444
33548
33566
33619
33632
33647
33666
33673
33677
33682
33693
33697
33699
33704
33712
33727
33730
33740
33780
33815
33824
33838
33842
33855
33857
33877
33884
33887
33888
33940
33946
33954
33959
33963
33964
33982
33987
33991
33994
33997
33997
34008
34022
34032
34037
34047
34048
34048
34050
34051
34057
34076
34077
34088
34092
34102
34103
34110
34113
34122
34125
34126
34127
34130
34135
34139
34141
34143
34143
34156
34162
34165
34175
34176
34177
34181
34196
34197
34197
34201
34201
34202
34204
34207
34210
34218
34222
34223
34235
34236
34238
34240
34241
34248
34248
34253
34266
34267
34275
34279
34284
34285
34287
34292
34297
34300
34302
34303
34305
34307
34311
34316
34320
34325
34327
34329
34330
34336
34339
34346
34360
34360
34362
34364
34367
34370
34372
34376
34384
34386
34391
34391
34397
34399
34400
34406
34410
34414
34416
34417
34424
34425
34427
34427
34430
34431
34431
34436
34445
34449
34450
34452
34457
34464
34464
34466
34466
34473
34476
34477
34477
34479
34480
34481
34483
34485
34488
34489
34492
34492
34497
34500
34501
34501
34503
34508
34509
34512
34513
34518
34519
34524
34525
34529
34532
34533
34534
34539
34540
34547
34551
34554
34557
34559
34563
34563
34565
34569
34571
34574
34576
34580
34580
34582
34584
34585
34589
34589
34591
34592
34593
34594
34596
34598
34600
34608
34611
34612
34618
34620
34621
34621
34623
34624
34627
34633
34636
34637
34637
34642
34642
34642
34648
34649
34650
34650
34651
34651
34653
34655
34656
34658
34660
34661
34661
34661
34663
34671
34676
34679
34680
34681
34682
34682
34683
34685
34686
34686
34691
34695
34697
34700
34708
34713
34721
34722
34723
34724
34726
34727
34729
34730
34730
34733
34738
34739
34741
34742
34745
34748
34752
34755
34757
34758
34759
34764
34766
34767
34767
34768
34768
34770
34772
34773
34773
34776
34776
34779
34782
34790
34790
34791
34793
34797
34801
34806
34809
34813
34816
34816
34816
34818
34821
34823
34824
34828
34829
34829
34832
34832
34833
34838
34841
34842
34842
34842
34843
34843
34844
34845
34848
34851
34853
34855
34856
34859
34860
34861
34863
34865
34870
34870
34870
34876
34877
34877
34878
34881
34883
34885
34885
34887
34888
34891
34894
34900
34900
34903
34903
34905
34906
34909
34913
34915
34915
34917
34917
34917
34918
34918
34919
34920
34921
34927
34929
34931
34933
34933
34935
34941
34944
34945
34945
34947
34948
34951
34952
34953
34954
34955
34955
34960
34961
34967
34969
34970
34974
34974
34977
34979
34983
34985
34987
34988
34988
34990
34991
34998
34998
35002
35002
35004
35006
35008
35011
35013
35016
35022
35023
35028
35029
35029
35030
35031
35033
35035
35035
35038
35039
35041
35042
35042
35048
35051
35053
35057
35059
35060
35060
35062
35063
35063
35065
35065
35068
35068
35070
35075
35077
35077
35079
35082
35082
35082
35083
35087
35088
35088
35091
35092
35101
35114
35118
35122
35123
35124
35127
35131
35133
35133
35134
35136
35140
35141
35142
35147
35147
35156
35158
35158
35158
35159
35160
35160
35162
35162
35165
35166
35167
35174
35178
35178
35178
35179
35180
35183
35188
35191
35194
35194
35197
35205
35206
35207
35211
35212
35215
35216
35218
35218
35224
35227
35231
35238
35243
35246
35249
35249
35252
35253
35258
35259
35261
35262
35264
35264
35266
35266
35266
35267
35273
35273
35275
35275
35281
35281
35283
35283
35283
35283
35283
35284
35285
35286
35286
35294
35300
35302
35303
35307
35308
35311
35312
35315
35328
35328
35330
35331
35335
35340
35343
35343
35347
35347
35349
35349
35352
35355
35356
35362
35363
35365
35365
35365
35365
35365
35367
35370
35377
35379
35381
35387
35392
35394
35403
35403
35404
35406
35409
35412
35415
35415
35415
35419
35423
35424
35427
35427
35445
35450
35455
35455
35460
35463
35465
35466
35468
35468
35471
35478
35478
35485
35494
35495
35506
35506
35507
35513
35516
35540
35541
35545
35546
35563
35563
35564
35569
35572
35572
35574
35582
35582
35583
35585
35591
35613
35630
35634
35639
35639
35646
35653
35669
35670
35674
35679
35682
35717
35735
35739
35750
35767
35767
35777
35785
35786
35797
35805
35808
35809
35824
35830
35843
35850
35855
35889
35895
35917
35923
35930
35931
35951
35994
35996
36022
36045
36086
36106
36124
36242
36324
36326
36363
36415
36481
36533
