Flow Size (Bytes), FCT (ns) Flow 1, Standalone FCT (ns) Flow 1, FCT (ns) Flow 2, Standalone FCT (ns) Flow 2, FCT (ns) Flow 3, Standalone FCT (ns) Flow 3
972800, 1431640, 330881, 36637544, 17587165, 35254968, 17587165
1018880, 1476220, 346333, 36595862, 17587165, 35359631, 17587165
1064960, 1520466, 361785, 36802280, 17587165, 35146418, 17587165
1111040, 1565397, 377253, 36545162, 17587165, 35488291, 17587165
1157120, 1609642, 392705, 36726882, 17587165, 35287432, 17587165
1203200, 1653888, 408157, 36772859, 17587165, 35255121, 17587165
1249280, 1698803, 423609, 36533808, 17587165, 35622782, 17587165
1295360, 1743719, 439061, 36772529, 17587165, 35326191, 17587165
1341440, 1788300, 454513, 36933397, 17587165, 35201374, 17587165
1387520, 1833215, 469966, 36635462, 17587165, 35612577, 17587165
1433600, 1877796, 485418, 36817751, 17587165, 35438060, 17587165
1479680, 1922041, 500870, 36842908, 17587165, 35477329, 17587165
1525760, 1965952, 516322, 36966024, 17587165, 35333910, 17587165
1571840, 2011203, 531774, 36758796, 17587165, 35657214, 17587165
1617920, 2056788, 547226, 36918762, 17587165, 35483355, 17587165
1664000, 2101369, 562679, 36810451, 17587165, 35699900, 17587165
1710080, 2145629, 578146, 36778298, 17587165, 35800803, 17587165
1756160, 2190545, 593598, 36962513, 17587165, 35589938, 17587165
1802240, 2234791, 609050, 37072966, 17587165, 35525444, 17587165
1848320, 2278031, 624503, 36838283, 17587165, 35910976, 17587165
1894400, 2321942, 639955, 37046220, 17587165, 35638155, 17587165
1940480, 2365182, 655407, 36924838, 17587165, 35838928, 17587165
1986560, 2408423, 670859, 36887098, 17587165, 35942473, 17587165
2032640, 2450994, 686311, 36935236, 17587165, 35913781, 17587165
2078720, 2493899, 701763, 36912772, 17587165, 36036806, 17587165
2124800, 2536470, 717216, 37078018, 17587165, 35850728, 17587165
2170880, 2578705, 732668, 37053256, 17587165, 35897045, 17587165
2216960, 2621276, 748120, 36917979, 17587165, 36157874, 17587165
2263040, 2664867, 763587, 37287672, 17587165, 35831161, 17587165
2309120, 2707772, 779040, 37061266, 17587165, 36137137, 17587165
2355200, 2750343, 794492, 37050652, 17587165, 36180714, 17587165
2401280, 2792578, 809944, 37067726, 17587165, 36228083, 17587165
2447360, 2835819, 825396, 37165841, 17587165, 36102280, 17587165
2493440, 2877720, 840848, 37265418, 17587165, 36021489, 17587165
2539520, 2919285, 856300, 37028474, 17587165, 36389464, 17587165
2585600, 2961856, 871752, 37124946, 17587165, 36292018, 17587165
2631680, 3003421, 887205, 37166560, 17587165, 36315905, 17587165
2677760, 3044652, 902657, 37366131, 17587165, 36085770, 17587165
2723840, 3085213, 918109, 37353192, 17587165, 36115378, 17587165
2769920, 3125773, 933561, 37224079, 17587165, 36361466, 17587165
2816000, 3166669, 949013, 37379123, 17587165, 36167019, 17587165
2862080, 3207914, 964481, 37295523, 17587165, 36356792, 17587165
2908160, 3248475, 979933, 37291483, 17587165, 36347477, 17587165
2954240, 3290376, 995385, 37294832, 17587165, 36365469, 17587165
3000320, 3331941, 1010837, 37472794, 17587165, 36166907, 17587165
3046400, 3373172, 1026289, 37462614, 17587165, 36189942, 17587165
3092480, 3415407, 1041742, 37286928, 17587165, 36433065, 17587165
3138560, 3456638, 1057194, 37261079, 17587165, 36476343, 17587165
3184640, 3497534, 1072646, 37592758, 17587165, 36090877, 17587165
3230720, 3539769, 1088098, 37501813, 17587165, 36175906, 17587165
3276800, 3581335, 1103550, 37464572, 17587165, 36325446, 17587165
3322880, 3622565, 1119002, 37420345, 17587165, 36396893, 17587165
3368960, 3663126, 1134455, 37493118, 17587165, 36318168, 17587165
3415040, 3703702, 1149922, 37612431, 17587165, 36209656, 17587165
3461120, 3744597, 1165374, 37645586, 17587165, 36177874, 17587165
3507200, 3785828, 1180826, 37650629, 17587165, 36190538, 17587165
3553280, 3826723, 1196279, 37645475, 17587165, 36223985, 17587165
3599360, 3868289, 1211731, 37469837, 17587165, 36711712, 17587165
3645440, 3910190, 1227183, 37496559, 17587165, 36691956, 17587165
3691520, 3951085, 1242635, 37687326, 17587165, 36492175, 17587165
3737600, 3993321, 1258087, 37622435, 17587165, 36581779, 17587165
3783680, 4034551, 1273539, 37462343, 17587165, 36836834, 17587165
3829760, 4075447, 1288992, 37655013, 17587165, 36644639, 17587165
3875840, 4117683, 1304444, 37671246, 17587165, 36650667, 17587165
3921920, 4157238, 1319896, 37489613, 17587165, 36899368, 17587165
3968000, 4195454, 1335348, 37725314, 17587165, 36606770, 17587165
4014080, 4234689, 1350816, 37602425, 17587165, 36779554, 17587165
4060160, 4272905, 1366268, 37723753, 17587165, 36695547, 17587165
4106240, 4312461, 1381720, 37695005, 17587165, 36743702, 17587165
4152320, 4351346, 1397172, 37721426, 17587165, 36740425, 17587165
4198400, 4390232, 1412624, 37786867, 17587165, 36685842, 17587165
4244480, 4429787, 1428076, 37716597, 17587165, 36787468, 17587165
4290560, 4468673, 1443528, 37789076, 17587165, 36761164, 17587165
4336640, 4507559, 1458981, 37632449, 17587165, 36999670, 17587165
4382720, 4546444, 1474433, 37664795, 17587165, 36985658, 17587165
4428800, 4584325, 1489885, 37631158, 17587165, 37069201, 17587165
4474880, 4622875, 1505337, 37849370, 17587165, 36802300, 17587165
4520960, 4661426, 1520789, 37822232, 17587165, 36868725, 17587165
4567040, 4700327, 1536257, 37706486, 17587165, 37049234, 17587165
4613120, 4739547, 1551709, 37679412, 17587165, 37098407, 17587165
4659200, 4778098, 1567161, 37887555, 17587165, 36893986, 17587165
4705280, 4816648, 1582613, 38008208, 17587165, 36932243, 17587165
4751360, 4855199, 1598065, 37907559, 17587165, 37077037, 17587165
4797440, 4893750, 1613518, 37871469, 17587165, 37148084, 17587165
4843520, 4932300, 1628970, 38077989, 17587165, 36880886, 17587165
4889600, 4970851, 1644422, 38038207, 17587165, 37029580, 17587165
4935680, 5010071, 1659874, 37993885, 17587165, 37103713, 17587165
4981760, 5048622, 1675326, 37894780, 17587165, 37292072, 17587165
5027840, 5087508, 1690778, 38177865, 17587165, 36939926, 17587165
5073920, 5126393, 1706231, 38058076, 17587165, 37081578, 17587165
5120000, 5165279, 1721683, 37942084, 17587165, 37317126, 17587165
5166080, 5203844, 1737150, 38040222, 17587165, 37283726, 17587165
5212160, 5242060, 1752602, 38102650, 17587165, 37218985, 17587165
5258240, 5280276, 1768055, 38236649, 17587165, 37059430, 17587165
5304320, 5318491, 1783507, 38277940, 17587165, 37015469, 17587165
5350400, 5356707, 1798959, 38233278, 17587165, 37118115, 17587165
5396480, 5394922, 1814411, 38230787, 17587165, 37138724, 17587165
5442560, 5433138, 1829863, 38150476, 17587165, 37261273, 17587165
5488640, 5471354, 1845315, 38258024, 17587165, 37130175, 17587165
5534720, 5509569, 1860768, 38293289, 17587165, 37093114, 17587165
5580800, 5547450, 1876220, 38261860, 17587165, 37155464, 17587165
5626880, 5586000, 1891672, 38222163, 17587165, 37229702, 17587165
5672960, 5624216, 1907124, 38289452, 17587165, 37312657, 17587165
5719040, 5662782, 1922592, 38193494, 17587165, 37460000, 17587165
5765120, 5700997, 1938044, 38206014, 17587165, 37463193, 17587165
5811200, 5739213, 1953496, 38324538, 17587165, 37316883, 17587165
5857280, 5777428, 1968948, 38253164, 17587165, 37397103, 17587165
5903360, 5815644, 1984400, 38304871, 17587165, 37365108, 17587165
5949440, 5854195, 1999852, 38399230, 17587165, 37339680, 17587165
5995520, 5892075, 2015304, 38182105, 17587165, 37666361, 17587165
6041600, 5930626, 2030757, 38338811, 17587165, 37457738, 17587165
6087680, 5969176, 2046209, 38215964, 17587165, 37649030, 17587165
6133760, 6007727, 2061661, 38210521, 17587165, 37670484, 17587165
6179840, 6046278, 2077113, 38249965, 17587165, 37626283, 17587165
6225920, 6084828, 2092565, 38362045, 17587165, 37556490, 17587165
6272000, 6123379, 2108017, 38408470, 17587165, 37705230, 17587165
6318080, 6162279, 2123485, 38585193, 17587165, 37519715, 17587165
6364160, 6200495, 2138937, 38561398, 17587165, 37570657, 17587165
6410240, 6238711, 2154389, 38422849, 17587165, 37775030, 17587165
6456320, 6276926, 2169841, 38463537, 17587165, 37808918, 17587165
6502400, 6315142, 2185294, 38601534, 17587165, 37635531, 17587165
6548480, 6353357, 2200746, 38520422, 17587165, 37764669, 17587165
6594560, 6391573, 2216198, 38594239, 17587165, 37705215, 17587165
6640640, 6429789, 2231650, 38509760, 17587165, 37855768, 17587165
6686720, 6468004, 2247102, 38491414, 17587165, 37883343, 17587165
6732800, 6506220, 2262554, 38495054, 17587165, 37891235, 17587165
6778880, 6544435, 2278007, 38646280, 17587165, 37700029, 17587165
6824960, 6582651, 2293459, 38497897, 17587165, 37917587, 17587165
6871040, 6620882, 2308926, 38701168, 17587165, 37671774, 17587165
6917120, 6659097, 2324378, 38704636, 17587165, 37673917, 17587165
6963200, 6697313, 2339831, 38490251, 17587165, 37955725, 17587165
7009280, 6735528, 2355283, 38624712, 17587165, 37949939, 17587165
7055360, 6773744, 2370735, 38709021, 17587165, 37966178, 17587165
7101440, 6811960, 2386187, 38816178, 17587165, 37826483, 17587165
7147520, 6850175, 2401639, 38682913, 17587165, 38024580, 17587165
7193600, 6888391, 2417091, 38684261, 17587165, 38030553, 17587165
7239680, 6926606, 2432544, 38722934, 17587165, 38076134, 17587165
7285760, 6964822, 2447996, 38706904, 17587165, 38106668, 17587165
7331840, 7003038, 2463448, 38734104, 17587165, 38086806, 17587165
7377920, 7041253, 2478900, 38798059, 17587165, 37997091, 17587165
7424000, 7079469, 2494352, 38827336, 17587165, 37978677, 17587165
7470080, 7118034, 2509820, 38694604, 17587165, 38166239, 17587165
7516160, 7155915, 2525272, 38850834, 17587165, 37964345, 17587165
7562240, 7194131, 2540724, 38733705, 17587165, 38148630, 17587165
7608320, 7231676, 2556176, 38855972, 17587165, 37986546, 17587165
7654400, 7269892, 2571628, 38826919, 17587165, 38036884, 17587165
7700480, 7307102, 2587080, 38835087, 17587165, 38043372, 17587165
7746560, 7344648, 2602533, 38751426, 17587165, 38155763, 17587165
7792640, 7382194, 2617985, 38914741, 17587165, 37974342, 17587165
7838720, 7420074, 2633437, 38836513, 17587165, 38080309, 17587165
7884800, 7458290, 2648889, 38904411, 17587165, 38006736, 17587165
7930880, 7495165, 2664341, 38898677, 17587165, 38010233, 17587165
7976960, 7532041, 2679793, 38780452, 17587165, 38197463, 17587165
8023040, 7570272, 2695261, 38771881, 17587165, 38216622, 17587165
8069120, 7608152, 2710713, 38942533, 17587165, 38004673, 17587165
8115200, 7645698, 2726165, 38807681, 17587165, 38196193, 17587165
8161280, 7684248, 2741617, 40130938, 17587165, 36916839, 17587165
8207360, 7724139, 2757070, 40208105, 17587165, 36914931, 17587165
8253440, 7763695, 2772522, 40215453, 17587165, 36921323, 17587165
8299520, 7803920, 2787974, 40225491, 17587165, 36926903, 17587165
8345600, 7844146, 2803426, 40270178, 17587165, 36919443, 17587165
8391680, 7884036, 2818878, 40247106, 17587165, 36929091, 17587165
8437760, 7923927, 2834330, 40209098, 17587165, 36934951, 17587165
8483840, 7963818, 2849783, 40308310, 17587165, 36927605, 17587165
8529920, 8003708, 2865235, 40292425, 17587165, 36932741, 17587165
8576000, 8043599, 2880687, 40305216, 17587165, 36938169, 17587165
8622080, 8084174, 2896154, 40314647, 17587165, 36943361, 17587165
8668160, 8124065, 2911607, 40314001, 17587165, 36948754, 17587165
8714240, 8163956, 2927059, 40321563, 17587165, 36954538, 17587165
8760320, 8203511, 2942511, 40331068, 17587165, 37186412, 17587165
8806400, 8243067, 2957963, 40289068, 17587165, 37200965, 17587165
8852480, 8282622, 2973415, 40345490, 17587165, 37255364, 17587165
8898560, 8322178, 2988867, 40341172, 17587165, 37286661, 17587165
8944640, 8361734, 3004320, 40379692, 17587165, 37283342, 17587165
8990720, 8401289, 3019772, 40361688, 17587165, 37297767, 17587165
9036800, 8440845, 3035224, 40369765, 17587165, 37302818, 17587165
9082880, 8480400, 3050676, 40377090, 17587165, 37308870, 17587165
9128960, 8519956, 3066128, 40420735, 17587165, 37251968, 17587165
9175040, 8559862, 3081596, 40484927, 17587165, 37257995, 17587165
9221120, 8599417, 3097048, 40447295, 17587165, 37258780, 17587165
9267200, 8638973, 3112500, 40512997, 17587165, 37264052, 17587165
9313280, 8678528, 3127952, 40529985, 17587165, 37260962, 17587165
9359360, 8718084, 3143404, 40549782, 17587165, 37261272, 17587165
9405440, 8757640, 3158856, 40502020, 17587165, 37266797, 17587165
9451520, 8797195, 3174309, 40573425, 17587165, 37264294, 17587165
9497600, 8836751, 3189761, 40568979, 17587165, 37278200, 17587165
9543680, 8876306, 3205213, 40518641, 17587165, 37292114, 17587165
9589760, 8916532, 3220665, 40584315, 17587165, 37289486, 17587165
9635840, 8956758, 3236117, 40591110, 17587165, 37295257, 17587165
9681920, 8996648, 3251569, 40597912, 17587165, 37300652, 17587165
9728000, 9037879, 3267022, 40547837, 17587165, 37315070, 17587165
9774080, 9078789, 3282489, 40641072, 17587165, 37631742, 17587165
9820160, 9119350, 3297941, 40678088, 17587165, 37665753, 17587165
9866240, 9159576, 3313393, 40663032, 17587165, 37688254, 17587165
9912320, 9199466, 3328846, 40699469, 17587165, 37722840, 17587165
9958400, 9239357, 3344298, 40715238, 17587165, 37727209, 17587165
10004480, 9279582, 3359750, 40679195, 17587165, 37740125, 17587165
10050560, 9319473, 3375202, 40721344, 17587165, 37736412, 17587165
10096640, 9359364, 3390654, 40704673, 17587165, 37821197, 17587165
10142720, 9399254, 3406106, 40718897, 17587165, 37826713, 17587165
10188800, 9439145, 3421559, 40758950, 17587165, 37795940, 17587165
10234880, 9479035, 3437011, 40773620, 17587165, 37870872, 17587165
10280960, 9518591, 3452463, 40796505, 17587165, 37876245, 17587165
10327040, 9558497, 3467930, 40749046, 17587165, 37885291, 17587165
10373120, 9598052, 3483383, 40799865, 17587165, 37887710, 17587165
10419200, 9637608, 3498835, 40800189, 17587165, 37892761, 17587165
10465280, 9676828, 3514287, 40771576, 17587165, 37899469, 17587165
10511360, 9716384, 3529739, 40871758, 17587165, 37875089, 17587165
10557440, 9755940, 3545191, 40822575, 17587165, 37885464, 17587165
10603520, 9795495, 3560643, 40887367, 17587165, 37884799, 17587165
10649600, 9834716, 3576096, 40882504, 17587165, 37894290, 17587165
10695680, 9873936, 3591548, 40873102, 17587165, 37900400, 17587165
10741760, 9913157, 3607000, 40886337, 17587165, 37903876, 17587165
10787840, 9952378, 3622452, 40916877, 17587165, 37903581, 17587165
10833920, 9991598, 3637904, 40918146, 17587165, 37917372, 17587165
10880000, 10030819, 3653356, 40925155, 17587165, 37922370, 17587165
10926080, 10071059, 3668824, 40879739, 17587165, 37927356, 17587165
10972160, 10110615, 3684276, 40946299, 17587165, 37931712, 17587165
11018240, 10150506, 3699728, 40937469, 17587165, 37937997, 17587165
11064320, 10189726, 3715180, 41017317, 17587165, 37888729, 17587165
11110400, 10228947, 3730632, 40975290, 17587165, 37899755, 17587165
11156480, 10268167, 3746085, 40982312, 17587165, 37905193, 17587165
11202560, 10307723, 3761537, 41016189, 17587165, 38293022, 17587165
11248640, 10347614, 3776989, 41044497, 17587165, 38297888, 17587165
11294720, 10387169, 3792441, 41055671, 17587165, 38294475, 17587165
11340800, 10426725, 3807893, 41064442, 17587165, 38305106, 17587165
11386880, 10466280, 3823345, 41102667, 17587165, 38285627, 17587165
11432960, 10505836, 3838798, 41114102, 17587165, 38283811, 17587165
11479040, 10545742, 3854265, 41114082, 17587165, 38426598, 17587165
11525120, 10585297, 3869717, 41142013, 17587165, 38444530, 17587165
11571200, 10624518, 3885169, 41167602, 17587165, 38443288, 17587165
11617280, 10664073, 3900622, 41173896, 17587165, 38446206, 17587165
11663360, 10703964, 3916074, 41181081, 17587165, 38451770, 17587165
11709440, 10744190, 3931526, 41187401, 17587165, 38456816, 17587165
11755520, 10783745, 3946978, 41194241, 17587165, 38461118, 17587165
11801600, 10823301, 3962430, 41200684, 17587165, 38464145, 17587165
11847680, 10862521, 3977882, 41207293, 17587165, 38468853, 17587165
11893760, 10901742, 3993335, 41205594, 17587165, 38478878, 17587165
11939840, 10941633, 4008787, 41220184, 17587165, 38478522, 17587165
11985920, 10981188, 4024239, 41226996, 17587165, 38482838, 17587165
12032000, 11020744, 4039691, 41224338, 17587165, 38494373, 17587165
12078080, 11060649, 4055159, 41240359, 17587165, 38493263, 17587165
12124160, 11100205, 4070611, 41249155, 17587165, 38497612, 17587165
12170240, 11139761, 4086063, 41243546, 17587165, 38508189, 17587165
12216320, 11179986, 4101515, 41263106, 17587165, 38789024, 17587165
12262400, 11219542, 4116967, 41269685, 17587165, 38812036, 17587165
12308480, 11259097, 4132419, 41276301, 17587165, 38824753, 17587165
12354560, 11298653, 4147872, 41288984, 17587165, 38827191, 17587165
12400640, 11339549, 4163324, 41295685, 17587165, 38831226, 17587165
12446720, 11379774, 4178776, 41361433, 17587165, 38768634, 17587165
12492800, 11419330, 4194228, 41376998, 17587165, 38770915, 17587165
12538880, 11459890, 4209680, 41383765, 17587165, 38774866, 17587165
12584960, 11500116, 4225132, 41390286, 17587165, 38779151, 17587165
12631040, 11540357, 4240600, 41420163, 17587165, 38771728, 17587165
12677120, 11580247, 4256052, 41426317, 17587165, 38776822, 17587165
12723200, 11619803, 4271504, 41432590, 17587165, 38781451, 17587165
12769280, 11660363, 4286956, 41441716, 17587165, 38995597, 17587165
12815360, 11700254, 4302408, 41447941, 17587165, 39000178, 17587165
12861440, 11739810, 4317861, 41492739, 17587165, 38983924, 17587165
12907520, 11779030, 4333313, 41510020, 17587165, 38984917, 17587165
12953600, 11818251, 4348765, 41516205, 17587165, 38989881, 17587165
12999680, 11857471, 4364217, 41522209, 17587165, 38994398, 17587165
13045760, 11896692, 4379669, 41528666, 17587165, 38998619, 17587165
13091840, 11936248, 4395121, 41535366, 17587165, 39002499, 17587165
13137920, 11975468, 4410574, 41562534, 17587165, 39006648, 17587165
13184000, 12014689, 4426026, 41568207, 17587165, 39011883, 17587165
13230080, 12054594, 4441493, 41576601, 17587165, 39209041, 17587165
13276160, 12093815, 4456945, 41583589, 17587165, 39213302, 17587165
13322240, 12133036, 4472398, 41590231, 17587165, 39217097, 17587165
13368320, 12173261, 4487850, 41596833, 17587165, 39220891, 17587165
13414400, 12213152, 4503302, 41604117, 17587165, 39224768, 17587165
13460480, 12252707, 4518754, 41618191, 17587165, 39226001, 17587165
13506560, 12292933, 4534206, 41614473, 17587165, 39233720, 17587165
13552640, 12332824, 4549658, 41600637, 17587165, 39237838, 17587165
13598720, 12373049, 4565111, 41606505, 17587165, 39242054, 17587165
13644800, 12413945, 4580563, 41612750, 17587165, 39246059, 17587165
13690880, 12455510, 4596015, 41618097, 17587165, 39250330, 17587165
13736960, 12495401, 4611467, 41624622, 17587165, 39254627, 17587165
13783040, 12535307, 4626935, 41630907, 17587165, 39258672, 17587165
13829120, 12575197, 4642387, 41637030, 17587165, 39263147, 17587165
13875200, 12614753, 4657839, 41642959, 17587165, 39268012, 17587165
13921280, 12654308, 4673291, 41648934, 17587165, 39272339, 17587165
13967360, 12694534, 4688743, 41656073, 17587165, 39276666, 17587165
14013440, 12734425, 4704195, 41663558, 17587165, 39280751, 17587165
14059520, 12774650, 4719648, 41670345, 17587165, 39285310, 17587165
14105600, 12816216, 4735100, 41677023, 17587165, 39289168, 17587165
14151680, 12856776, 4750552, 41683982, 17587165, 39293311, 17587165
14197760, 12898007, 4766004, 41690889, 17587165, 39296810, 17587165
14243840, 12940578, 4781456, 42197832, 17587165, 38903557, 17587165
14289920, 12985493, 4796908, 42227473, 17587165, 38907480, 17587165
14336000, 13031079, 4812360, 41083137, 17587165, 42326509, 17587165
14382080, 13075674, 4827828, 41092171, 17587165, 42336701, 17587165
14428160, 13118915, 4843280, 41101141, 17587165, 42346220, 17587165
14474240, 13162156, 4858732, 41146826, 17587165, 42352024, 17587165
14520320, 13205396, 4874184, 41155860, 17587165, 42361607, 17587165
14566400, 13248972, 4889637, 41189440, 17587165, 42369389, 17587165
14612480, 13292212, 4905089, 41198853, 17587165, 42378906, 17587165
14658560, 13337128, 4920541, 41208922, 17587165, 42386920, 17587165
14704640, 13382044, 4935993, 41218270, 17587165, 42395595, 17587165
14750720, 13427964, 4951445, 41276935, 17587165, 42399070, 17587165
14796800, 13472880, 4966897, 41286352, 17587165, 42407814, 17587165
14842880, 13519135, 4982350, 41295438, 17587165, 42416844, 17587165
14888960, 13563046, 4997802, 41324124, 17587165, 42514598, 17587165
14935040, 13606637, 5013269, 41349945, 17587165, 42524207, 17587165
14981120, 13649877, 5028721, 41357979, 17587165, 42533342, 17587165
15027200, 13693118, 5044174, 41366871, 17587165, 42542108, 17587165
15073280, 13736358, 5059626, 41375610, 17587165, 42550716, 17587165
15119360, 13782279, 5075078, 41373804, 17587165, 42599647, 17587165
15165440, 13828535, 5090530, 41378169, 17587165, 42625466, 17587165
15211520, 13874790, 5105982, 41455815, 17587165, 42628289, 17587165
15257600, 13919371, 5121434, 41464733, 17587165, 42636698, 17587165
15303680, 13963281, 5136887, 41498173, 17587165, 42643848, 17587165
15349760, 14006857, 5152339, 41506329, 17587165, 42652491, 17587165
15395840, 14050768, 5167791, 41514348, 17587165, 42661002, 17587165
15441920, 14099033, 5183243, 41522555, 17587165, 42668479, 17587165
15488000, 14144284, 5198695, 41530409, 17587165, 42676822, 17587165
15534080, 14191224, 5214163, 41594359, 17587165, 42680775, 17587165
15580160, 14234800, 5229615, 41601900, 17587165, 42689426, 17587165
15626240, 14278711, 5245067, 41588315, 17587165, 42777532, 17587165
15672320, 14322956, 5260519, 41596579, 17587165, 42785656, 17587165
15718400, 14367872, 5275971, 41604732, 17587165, 42793744, 17587165
15764480, 14415802, 5291424, 41603413, 17587165, 42836057, 17587165
15810560, 14462058, 5306876, 41611818, 17587165, 42843784, 17587165
15856640, 14506639, 5322328, 41614418, 17587165, 42884163, 17587165
15902720, 14550214, 5337780, 41621561, 17587165, 42892293, 17587165
15948800, 14594125, 5353232, 41629491, 17587165, 42900158, 17587165
15994880, 14638035, 5368684, 41637555, 17587165, 42908157, 17587165
16040960, 14684626, 5384136, 41636376, 17587165, 42958216, 17587165
16087040, 14731567, 5399604, 41643681, 17587165, 42966031, 17587165
16133120, 14777487, 5415056, 41787152, 17587165, 42961763, 17587165
16179200, 14820728, 5430508, 41788601, 17587165, 42999108, 17587165
16225280, 14864303, 5445960, 41795588, 17587165, 43007266, 17587165
16271360, 14907879, 5461413, 41802838, 17587165, 43015682, 17587165
16317440, 14952460, 5476865, 41810553, 17587165, 43023337, 17587165
16363520, 14999720, 5492317, 41811353, 17587165, 43067331, 17587165
16409600, 15044636, 5507769, 41886943, 17587165, 43069447, 17587165
16455680, 15089886, 5523221, 41909631, 17587165, 43077094, 17587165
16501760, 15132792, 5538673, 41916448, 17587165, 43085038, 17587165
16547840, 15176033, 5554126, 41923675, 17587165, 43092775, 17587165
16593920, 15219273, 5569578, 41961827, 17587165, 43098056, 17587165
16640000, 15263854, 5585030, 41969888, 17587165, 43104901, 17587165
16686080, 15311464, 5600497, 41976951, 17587165, 43111834, 17587165
16732160, 15356045, 5615950, 41984749, 17587165, 43118954, 17587165
16778240, 15399956, 5631402, 41992084, 17587165, 43126842, 17587165
16824320, 15443196, 5646854, 41998859, 17587165, 43134788, 17587165
16870400, 15486437, 5662306, 42006862, 17587165, 43142113, 17587165
16916480, 15530347, 5677758, 42014359, 17587165, 43149550, 17587165
16962560, 15577273, 5693210, 41997626, 17587165, 43272753, 17587165
17008640, 15621854, 5708663, 42004928, 17587165, 43280011, 17587165
17054720, 15666434, 5724115, 42012842, 17587165, 43287255, 17587165
17100800, 15709675, 5739567, 42019381, 17587165, 43295604, 17587165
17146880, 15753250, 5755019, 42171193, 17587165, 43292558, 17587165
17192960, 15796491, 5770471, 42179018, 17587165, 43299717, 17587165
17239040, 15841422, 5785939, 42186320, 17587165, 43306971, 17587165
17285120, 15888347, 5801391, 42193197, 17587165, 43313804, 17587165
17331200, 15932928, 5816843, 42244663, 17587165, 43389426, 17587165
17377280, 15977173, 5832295, 42251820, 17587165, 43396535, 17587165
17423360, 16020414, 5847747, 42252646, 17587165, 43433997, 17587165
17469440, 16063320, 5863200, 42299165, 17587165, 43451258, 17587165
17515520, 16105555, 5878652, 42306352, 17587165, 43458417, 17587165
17561600, 16151141, 5894104, 42344681, 17587165, 43463744, 17587165
17607680, 16195721, 5909556, 42351193, 17587165, 43470355, 17587165
17653760, 16239967, 5925008, 42357736, 17587165, 43477317, 17587165
17699840, 16282538, 5940460, 42364072, 17587165, 43484865, 17587165
17745920, 16325108, 5955912, 42370006, 17587165, 43492613, 17587165
17792000, 16367679, 5971365, 42377049, 17587165, 43499612, 17587165
17838080, 16410599, 5986832, 42384409, 17587165, 43506449, 17587165
17884160, 16452165, 6002284, 42390976, 17587165, 43514053, 17587165
17930240, 16494401, 6017736, 42398238, 17587165, 43521283, 17587165
17976320, 16537306, 6033189, 42404783, 17587165, 43528593, 17587165
18022400, 16579207, 6048641, 42411669, 17587165, 43535862, 17587165
18068480, 16621777, 6064093, 42418880, 17587165, 43543029, 17587165
18114560, 16663343, 6079545, 42400684, 17587165, 43676436, 17587165
18160640, 16704909, 6094997, 42405763, 17587165, 43698162, 17587165
18206720, 16745804, 6110449, 42412956, 17587165, 43705256, 17587165
18252800, 16787370, 6125902, 42419068, 17587165, 43713132, 17587165
18298880, 16828265, 6141354, 42425592, 17587165, 43720802, 17587165
18344960, 16869496, 6156806, 42432750, 17587165, 43727852, 17587165
18391040, 16911412, 6172273, 42639149, 17587165, 43720552, 17587165
18437120, 16952307, 6187726, 42661892, 17587165, 43726903, 17587165
18483200, 16993873, 6203178, 42668691, 17587165, 43734200, 17587165
18529280, 17035103, 6218630, 42699648, 17587165, 43740017, 17587165
18575360, 17077339, 6234082, 42706250, 17587165, 43747138, 17587165
18621440, 17120580, 6249534, 42712534, 17587165, 43753950, 17587165
18667520, 17162145, 6264986, 42719168, 17587165, 43761103, 17587165
18713600, 17204716, 6280439, 42725767, 17587165, 43768230, 17587165
18759680, 17246281, 6295891, 42732712, 17587165, 43775076, 17587165
18805760, 17287847, 6311343, 42792108, 17587165, 43908002, 17587165
18851840, 17328743, 6326795, 42798336, 17587165, 43915424, 17587165
18897920, 17370308, 6342247, 42804853, 17587165, 43922676, 17587165
18944000, 17411204, 6357699, 42811142, 17587165, 43929996, 17587165
18990080, 17453119, 6373167, 42817339, 17587165, 43937387, 17587165
19036160, 17494350, 6388619, 42824017, 17587165, 43944632, 17587165
19082240, 17535246, 6404071, 42830535, 17587165, 43951722, 17587165
19128320, 17576811, 6419523, 42824788, 17587165, 44029240, 17587165
19174400, 17618042, 6434976, 42831492, 17587165, 44035889, 17587165
19220480, 17660277, 6450428, 42838252, 17587165, 44042599, 17587165
19266560, 17703518, 6465880, 42844667, 17587165, 44048959, 17587165
19312640, 17745084, 6481332, 42851052, 17587165, 44055916, 17587165
19358720, 17787654, 6496784, 42857097, 17587165, 44063160, 17587165
19404800, 17829220, 6512236, 42864131, 17587165, 44069512, 17587165
19450880, 17870785, 6527688, 42870564, 17587165, 44076517, 17587165
19496960, 17911681, 6543141, 42877072, 17587165, 44083597, 17587165
19543040, 17953262, 6558608, 42883112, 17587165, 44090831, 17587165
19589120, 17994827, 6574060, 42889271, 17587165, 44098184, 17587165
19635200, 18036058, 6589512, 43095008, 17587165, 44091423, 17587165
19681280, 18077288, 6604965, 43115432, 17587165, 44098075, 17587165
19727360, 18118184, 6620417, 43121791, 17587165, 44104929, 17587165
19773440, 18159750, 6635869, 43106090, 17587165, 44236372, 17587165
19819520, 18201650, 6651321, 43110528, 17587165, 44260220, 17587165
19865600, 18245561, 6666773, 43116307, 17587165, 44266531, 17587165
19911680, 18288131, 6682225, 43122670, 17587165, 44272794, 17587165
19957760, 18330702, 6697678, 43128631, 17587165, 44279282, 17587165
20003840, 18373273, 6713130, 43135446, 17587165, 44285370, 17587165
20049920, 18414838, 6728582, 43141658, 17587165, 44292104, 17587165
20096000, 18456739, 6744034, 43147374, 17587165, 44298974, 17587165
20142080, 18498989, 6759502, 43153170, 17587165, 44305919, 17587165
20188160, 18540890, 6774954, 43159602, 17587165, 44312225, 17587165
20234240, 18582791, 6790406, 43166161, 17587165, 44318705, 17587165
20280320, 18624356, 6805858, 43173008, 17587165, 44324820, 17587165
20326400, 18667932, 6821310, 43179271, 17587165, 44330988, 17587165
20372480, 18710502, 6836762, 43357312, 17587165, 44327188, 17587165
20418560, 18753408, 6852215, 43363742, 17587165, 44333563, 17587165
20464640, 18794974, 6867667, 43370777, 17587165, 44339299, 17587165
20510720, 18836539, 6883119, 43425248, 17587165, 44344197, 17587165
20556800, 18878105, 6898571, 43438992, 17587165, 44350989, 17587165
20602880, 18919000, 6914023, 43445134, 17587165, 44357708, 17587165
20648960, 18960566, 6929475, 43451906, 17587165, 44363803, 17587165
20695040, 19002482, 6944943, 43458217, 17587165, 44370064, 17587165
20741120, 19044047, 6960395, 43464820, 17587165, 44375990, 17587165
20787200, 19086618, 6975847, 43471911, 17587165, 44382404, 17587165
20833280, 19130193, 6991299, 43336296, 17587165, 45187174, 17587165
20879360, 19172764, 7006752, 43342755, 17587165, 45194185, 17587165
20925440, 19215670, 7022204, 43446797, 17587165, 45199335, 17587165
20971520, 19257570, 7037656, 43453471, 17587165, 45206551, 17587165
21017600, 19300141, 7053108, 43458757, 17587165, 45214325, 17587165
21063680, 19342376, 7068560, 43465220, 17587165, 45221330, 17587165
21109760, 19384277, 7084012, 43471752, 17587165, 45228404, 17587165
21155840, 19426848, 7099464, 43478581, 17587165, 45235123, 17587165
21201920, 19470423, 7114917, 43485174, 17587165, 45241616, 17587165
21248000, 19514334, 7130369, 43490667, 17587165, 45248955, 17587165
21294080, 19558259, 7145836, 43496915, 17587165, 45255745, 17587165
21340160, 19600830, 7161288, 43503748, 17587165, 45262478, 17587165
21386240, 19643401, 7176741, 43509077, 17587165, 45270295, 17587165
21432320, 19685971, 7192193, 43515194, 17587165, 45277596, 17587165
21478400, 19727872, 7207645, 43521730, 17587165, 45284674, 17587165
21524480, 19770442, 7223097, 43528597, 17587165, 45291441, 17587165
21570560, 19813683, 7238549, 43535258, 17587165, 45297992, 17587165
21616640, 19857929, 7254001, 43540988, 17587165, 45304926, 17587165
21662720, 19901504, 7269454, 43547251, 17587165, 45311731, 17587165
21708800, 19944410, 7284906, 43553738, 17587165, 45318760, 17587165
21754880, 19986980, 7300358, 43559404, 17587165, 45326262, 17587165
21800960, 20028881, 7315810, 43565575, 17587165, 45333627, 17587165
21847040, 20071467, 7331278, 43570803, 17587165, 45340701, 17587165
21893120, 20114707, 7346730, 43578818, 17587165, 45348596, 17587165
21939200, 20159288, 7362182, 43586563, 17587165, 45356175, 17587165
21985280, 20203198, 7377634, 44963844, 17587165, 45276814, 17587165
22031360, 20246774, 7393086, 44971088, 17587165, 45285287, 17587165
22077440, 20290685, 7408538, 44979165, 17587165, 45292744, 17587165
22123520, 20333925, 7423991, 44974885, 17587165, 45535477, 17587165
22169600, 20377166, 7439443, 44982002, 17587165, 45543833, 17587165
22215680, 20420071, 7454895, 44989070, 17587165, 45552140, 17587165
22261760, 20463312, 7470347, 44996741, 17587165, 45560398, 17587165
22307840, 20505883, 7485799, 45004624, 17587165, 45568221, 17587165
22353920, 20549123, 7501251, 45012605, 17587165, 45576142, 17587165
22400000, 20592029, 7516704, 45020770, 17587165, 45583595, 17587165
22446080, 20636959, 7532171, 45028364, 17587165, 45591134, 17587165
22492160, 20680535, 7547623, 45121350, 17587165, 45595622, 17587165
22538240, 20723776, 7563075, 45148080, 17587165, 45602528, 17587165
22584320, 20767016, 7578528, 45156377, 17587165, 45610322, 17587165
22630400, 20810257, 7593980, 45158477, 17587165, 45717355, 17587165
22676480, 20852827, 7609432, 45165780, 17587165, 45725228, 17587165
22722560, 20895733, 7624884, 45172158, 17587165, 45756058, 17587165
22768640, 20937969, 7640336, 45180182, 17587165, 45763237, 17587165
22814720, 20980539, 7655788, 45188494, 17587165, 45770703, 17587165
22860800, 21023110, 7671240, 45196823, 17587165, 45777499, 17587165
22906880, 21067020, 7686693, 45204674, 17587165, 45784451, 17587165
22952960, 21110261, 7702145, 45212444, 17587165, 45792058, 17587165
22999040, 21154187, 7717612, 45220767, 17587165, 45799102, 17587165
23045120, 21197762, 7733064, 45226390, 17587165, 45870454, 17587165
23091200, 21241003, 7748517, 45233601, 17587165, 45878124, 17587165
23137280, 21284243, 7763969, 45344393, 17587165, 45885718, 17587165
23183360, 21327819, 7779421, 45351261, 17587165, 45920514, 17587165
23229440, 21371395, 7794873, 45359183, 17587165, 45927337, 17587165
23275520, 21415975, 7810325, 45367423, 17587165, 45933475, 17587165
23321600, 21461226, 7825777, 45374796, 17587165, 45940226, 17587165
23367680, 21505806, 7841230, 45439496, 17587165, 45946430, 17587165
23413760, 21550387, 7856682, 45446352, 17587165, 45953985, 17587165
23459840, 21593963, 7872134, 45475460, 17587165, 45961452, 17587165
23505920, 21637538, 7887586, 45482607, 17587165, 45968391, 17587165
23552000, 21681449, 7903038, 45490473, 17587165, 45974823, 17587165
23598080, 21727049, 7918506, 45497661, 17587165, 45981138, 17587165
23644160, 21772300, 7933958, 45504999, 17587165, 45987850, 17587165
23690240, 21816881, 7949410, 45512511, 17587165, 45994571, 17587165
23736320, 21860791, 7964862, 45518489, 17587165, 46002130, 17587165
23782400, 21904702, 7980314, 45525286, 17587165, 46009473, 17587165
23828480, 21948277, 7995767, 45532824, 17587165, 46016165, 17587165
23874560, 21992188, 8011219, 45540629, 17587165, 46022441, 17587165
23920640, 22038109, 8026671, 45547376, 17587165, 46029094, 17587165
23966720, 22083024, 8042123, 45554990, 17587165, 46035296, 17587165
24012800, 22127270, 8057575, 45555214, 17587165, 46207384, 17587165
24058880, 22170175, 8073027, 45683810, 17587165, 46215222, 17587165
24104960, 22213751, 8088480, 45690183, 17587165, 46241869, 17587165
24151040, 22257677, 8103947, 45697363, 17587165, 46248790, 17587165
24197120, 22302257, 8119399, 45704512, 17587165, 46255195, 17587165
24243200, 22346503, 8134851, 45711005, 17587165, 46262498, 17587165
24289280, 22391418, 8150304, 45718067, 17587165, 46269312, 17587165
24335360, 22434659, 8165756, 45781909, 17587165, 46329173, 17587165
24381440, 22478235, 8181208, 45788096, 17587165, 46336783, 17587165
24427520, 22521475, 8196660, 45817197, 17587165, 46343638, 17587165
24473600, 22565051, 8212112, 45824435, 17587165, 46350085, 17587165
24519680, 22609966, 8227564, 45830763, 17587165, 46356944, 17587165
24565760, 22654547, 8243016, 45837084, 17587165, 46363708, 17587165
24611840, 22698793, 8258469, 45843691, 17587165, 46370951, 17587165
24657920, 22742368, 8273921, 45849418, 17587165, 46378679, 17587165
24704000, 22784939, 8289373, 45855873, 17587165, 46386297, 17587165
24750080, 22827859, 8304840, 45862877, 17587165, 46393255, 17587165
24796160, 22870430, 8320293, 45870238, 17587165, 46399920, 17587165
24842240, 22915011, 8335745, 45876951, 17587165, 46406495, 17587165
24888320, 22958921, 8351197, 45883104, 17587165, 46413849, 17587165
24934400, 23002497, 8366649, 45890391, 17587165, 46420509, 17587165
24980480, 23046072, 8382101, 45896769, 17587165, 46428197, 17587165
25026560, 23088308, 8397553, 46019040, 17587165, 46435657, 17587165
25072640, 23130879, 8413006, 46026182, 17587165, 46443014, 17587165
25118720, 23172779, 8428458, 46033716, 17587165, 46449719, 17587165
25164800, 23215685, 8443910, 46041156, 17587165, 46456196, 17587165
25210880, 23258925, 8459362, 46048474, 17587165, 46462310, 17587165
25256960, 23302501, 8474814, 46055069, 17587165, 46468830, 17587165
25303040, 23346762, 8490282, 46062797, 17587165, 46475193, 17587165
25349120, 23390337, 8505734, 46069726, 17587165, 46482587, 17587165
25395200, 23432908, 8521186, 46076371, 17587165, 46490004, 17587165
25441280, 23476148, 8536638, 46083535, 17587165, 46496982, 17587165
25487360, 23518384, 8552090, 46091559, 17587165, 46503652, 17587165
25533440, 23561625, 8567543, 46099444, 17587165, 46510195, 17587165
25579520, 23605200, 8582995, 46106567, 17587165, 46516279, 17587165
25625600, 23649111, 8598447, 46237765, 17587165, 46523208, 17587165
25671680, 23693021, 8613899, 46245438, 17587165, 46529662, 17587165
25717760, 23736262, 8629351, 46252321, 17587165, 46536938, 17587165
25763840, 23779503, 8644803, 46258973, 17587165, 46544375, 17587165
25809920, 23822073, 8660256, 46266091, 17587165, 46551437, 17587165
25856000, 23864644, 8675708, 46273697, 17587165, 46558121, 17587165
25902080, 23908234, 8691175, 46281575, 17587165, 46564658, 17587165
25948160, 23951810, 8706627, 46351656, 17587165, 46570749, 17587165
25994240, 23995386, 8722080, 46358183, 17587165, 46577624, 17587165
26040320, 24039631, 8737532, 46365473, 17587165, 46584141, 17587165
26086400, 24082872, 8752984, 46367896, 17587165, 47101546, 17587165
26132480, 24125777, 8768436, 46374449, 17587165, 47109053, 17587165
26178560, 24168683, 8783888, 46381150, 17587165, 47116214, 17587165
26224640, 24211254, 8799340, 46388815, 17587165, 47122979, 17587165
26270720, 24254159, 8814792, 46396569, 17587165, 47129657, 17587165
26316800, 24297735, 8830245, 46404126, 17587165, 47135834, 17587165
26362880, 24341310, 8845697, 46498062, 17587165, 47142769, 17587165
26408960, 24385221, 8861149, 46505054, 17587165, 47149382, 17587165
26455040, 24429482, 8876616, 46512109, 17587165, 47156562, 17587165
26501120, 24472387, 8892069, 46518393, 17587165, 47164080, 17587165
26547200, 24515293, 8907521, 46561493, 17587165, 47252123, 17587165
26593280, 24557863, 8922973, 46569210, 17587165, 47258744, 17587165
26639360, 24600769, 8938425, 46576626, 17587165, 47265436, 17587165
26685440, 24644010, 8953877, 46584132, 17587165, 47271544, 17587165
26731520, 24688590, 8969329, 46590442, 17587165, 47278153, 17587165
26777600, 24733171, 8984782, 46597325, 17587165, 47284441, 17587165
26823680, 24777081, 9000234, 46667451, 17587165, 47291887, 17587165
26869760, 24820657, 9015686, 46673318, 17587165, 47299063, 17587165
26915840, 24863898, 9031138, 46680574, 17587165, 47305624, 17587165
26961920, 24907138, 9046590, 46687981, 17587165, 47312175, 17587165
27008000, 24951384, 9062042, 46694977, 17587165, 47318014, 17587165
27054080, 24997319, 9077510, 46701128, 17587165, 47324789, 17587165
27100160, 25041565, 9092962, 46708066, 17587165, 47331342, 17587165
27146240, 25085141, 9108414, 46713898, 17587165, 47338776, 17587165
27192320, 25128716, 9123866, 46720309, 17587165, 47345742, 17587165
27238400, 25171622, 9139319, 46727722, 17587165, 47352294, 17587165
27284480, 25215197, 9154771, 46735135, 17587165, 47358418, 17587165
27330560, 25260448, 9170223, 46741809, 17587165, 47364496, 17587165
27376640, 25305364, 9185675, 46748335, 17587165, 47370977, 17587165
27422720, 25349609, 9201127, 46754564, 17587165, 47378226, 17587165
27468800, 25392515, 9216579, 46760396, 17587165, 47385624, 17587165
27514880, 25436090, 9232032, 46767423, 17587165, 47392266, 17587165
27560960, 25479331, 9247484, 46774844, 17587165, 47399036, 17587165
27607040, 25523592, 9262951, 46781967, 17587165, 47404950, 17587165
27653120, 25568842, 9278403, 46788088, 17587165, 47411671, 17587165
27699200, 25613758, 9293856, 46795248, 17587165, 47418209, 17587165
27745280, 25656998, 9309308, 46800806, 17587165, 47425734, 17587165
27791360, 25700909, 9324760, 47366029, 17587165, 47433183, 17587165
27837440, 25744150, 9340212, 47373867, 17587165, 47440065, 17587165
27883520, 25788060, 9355664, 47381782, 17587165, 47446688, 17587165
27929600, 25832976, 9371116, 47414883, 17587165, 47453272, 17587165
27975680, 25878896, 9386568, 47421239, 17587165, 47460273, 17587165
28021760, 25923477, 9402021, 47428229, 17587165, 47467633, 17587165
28067840, 25967388, 9417473, 47434392, 17587165, 47475412, 17587165
28113920, 26010963, 9432925, 47478451, 17587165, 47482466, 17587165
28160000, 26054539, 9448377, 47486192, 17587165, 47489528, 17587165
28206080, 26098799, 9463845, 47494116, 17587165, 47495717, 17587165
28252160, 26144720, 9479297, 47500380, 17587165, 47502648, 17587165
28298240, 26189971, 9494749, 47507268, 17587165, 47509531, 17587165
28344320, 26233881, 9510201, 47557488, 17587165, 47517123, 17587165
28390400, 26277122, 9525653, 47564470, 17587165, 47870792, 17587165
28436480, 26320362, 9541105, 47593635, 17587165, 47877434, 17587165
28482560, 26363938, 9556558, 47601503, 17587165, 47883895, 17587165
28528640, 26407849, 9572010, 47631234, 17587165, 47889746, 17587165
28574720, 26453434, 9587462, 47637069, 17587165, 47929864, 17587165
28620800, 26497010, 9602914, 47644173, 17587165, 47937285, 17587165
28666880, 26539915, 9618366, 47650018, 17587165, 47945173, 17587165
28712960, 26583156, 9633818, 47656170, 17587165, 47952687, 17587165
28759040, 26626412, 9649286, 47663850, 17587165, 47959686, 17587165
28805120, 26669317, 9664738, 47671030, 17587165, 47966082, 17587165
28851200, 26714233, 9680190, 47677702, 17587165, 48027238, 17587165
28897280, 26758813, 9695642, 47684149, 17587165, 48034279, 17587165
28943360, 26802054, 9711095, 47690391, 17587165, 48042053, 17587165
28989440, 26845295, 9726547, 47696187, 17587165, 48049689, 17587165
29035520, 26888200, 9741999, 47703477, 17587165, 48091248, 17587165
29081600, 26931106, 9757451, 47710977, 17587165, 48098067, 17587165
29127680, 26974346, 9772903, 47717989, 17587165, 48104079, 17587165
29173760, 27019597, 9788355, 47724150, 17587165, 48141610, 17587165
29219840, 27064178, 9803808, 47730985, 17587165, 48148386, 17587165
29265920, 27106748, 9819260, 47736847, 17587165, 48155927, 17587165
29312000, 27149989, 9834712, 47742921, 17587165, 48163198, 17587165
29358080, 27193244, 9850179, 47750685, 17587165, 48169782, 17587165
29404160, 27236485, 9865632, 47757863, 17587165, 48175948, 17587165
29450240, 27280731, 9881084, 47765148, 17587165, 48181997, 17587165
29496320, 27325981, 9896536, 47771746, 17587165, 48188566, 17587165
29542400, 27369222, 9911988, 48116709, 17587165, 48195987, 17587165
29588480, 27412127, 9927440, 48122888, 17587165, 48203528, 17587165
29634560, 27455368, 9942892, 48129930, 17587165, 48210234, 17587165
29680640, 27498274, 9958344, 48137770, 17587165, 48216971, 17587165
29726720, 27541179, 9973797, 48145617, 17587165, 48222852, 17587165
29772800, 27586430, 9989249, 48152277, 17587165, 48336009, 17587165
29818880, 27630675, 10004701, 48159227, 17587165, 48342705, 17587165
29864960, 27673916, 10020153, 48165506, 17587165, 48350151, 17587165
29911040, 27717507, 10035621, 48234529, 17587165, 48357477, 17587165
29957120, 27760077, 10051073, 48242311, 17587165, 48363942, 17587165
30003200, 27803318, 10066525, 48250093, 17587165, 48370171, 17587165
30049280, 27847228, 10081977, 48257630, 17587165, 48419767, 17587165
30095360, 27892144, 10097429, 48263980, 17587165, 48426400, 17587165
30141440, 27936055, 10112881, 48270945, 17587165, 48454509, 17587165
30187520, 27978960, 10128334, 48327526, 17587165, 48461779, 17587165
30233600, 28022201, 10143786, 48334269, 17587165, 48468512, 17587165
30279680, 28065106, 10159238, 48341953, 17587165, 48474832, 17587165
30325760, 28108012, 10174690, 48349731, 17587165, 48480549, 17587165
30371840, 28152928, 10190142, 48356415, 17587165, 48486390, 17587165
30417920, 28197508, 10205594, 48363571, 17587165, 48549349, 17587165
30464000, 28240749, 10221047, 48369660, 17587165, 48556551, 17587165
30510080, 28284339, 10236514, 48375796, 17587165, 48563635, 17587165
30556160, 28327245, 10251966, 48383041, 17587165, 48569858, 17587165
30602240, 28370486, 10267418, 48390937, 17587165, 48576028, 17587165
30648320, 28413726, 10282871, 48398189, 17587165, 48581571, 17587165
30694400, 28459312, 10298323, 48404544, 17587165, 48587912, 17587165
30740480, 28503222, 10313775, 48412038, 17587165, 48594381, 17587165
30786560, 28546128, 10329227, 48417879, 17587165, 48601596, 17587165
30832640, 28589369, 10344679, 48424250, 17587165, 48608374, 17587165
30878720, 28631939, 10360131, 48431881, 17587165, 48614615, 17587165
30924800, 28675515, 10375584, 48439811, 17587165, 48620093, 17587165
30970880, 28721435, 10391036, 48446239, 17587165, 48625834, 17587165
31016960, 28766686, 10406488, 48590491, 17587165, 48735646, 17587165
31063040, 28809942, 10421955, 48596176, 17587165, 48742790, 17587165
31109120, 28854522, 10437408, 48602615, 17587165, 48748899, 17587165
31155200, 28898098, 10452860, 48610334, 17587165, 48754892, 17587165
31201280, 28942343, 10468312, 48617581, 17587165, 48760078, 17587165
31247360, 28988264, 10483764, 48623810, 17587165, 48766033, 17587165
31293440, 29032175, 10499216, 48630464, 17587165, 48772961, 17587165
31339520, 29076085, 10514668, 48635932, 17587165, 48779803, 17587165
31385600, 29119661, 10530120, 48643325, 17587165, 48785822, 17587165
31431680, 29163236, 10545573, 48650832, 17587165, 48791253, 17587165
31477760, 29209157, 10561025, 48657338, 17587165, 48796873, 17587165
31523840, 29254408, 10576477, 48664122, 17587165, 48803133, 17587165
31569920, 29297648, 10591929, 48669834, 17587165, 48810260, 17587165
31616000, 29341894, 10607381, 48676198, 17587165, 48816416, 17587165
31662080, 29385819, 10622849, 48684041, 17587165, 48822416, 17587165
31708160, 29430065, 10638301, 48691310, 17587165, 48827624, 17587165
31754240, 29475986, 10653753, 48697414, 17587165, 48833550, 17587165
31800320, 29519561, 10669205, 48703848, 17587165, 48981633, 17587165
31846400, 29562802, 10684657, 48708923, 17587165, 48989141, 17587165
31892480, 29606042, 10700110, 48715728, 17587165, 48995550, 17587165
31938560, 29649283, 10715562, 48723200, 17587165, 49001379, 17587165
31984640, 29694199, 10731014, 48729649, 17587165, 49007346, 17587165
32030720, 29738109, 10746466, 48736573, 17587165, 49014083, 17587165
32076800, 29781015, 10761918, 48742689, 17587165, 49021605, 17587165
32122880, 29823920, 10777370, 48987324, 17587165, 49029124, 17587165
32168960, 29866491, 10792823, 48994233, 17587165, 49035808, 17587165
32215040, 29909412, 10808290, 49001820, 17587165, 49042065, 17587165
32261120, 29952987, 10823742, 49009014, 17587165, 49047909, 17587165
32307200, 29997568, 10839194, 49015372, 17587165, 49054767, 17587165
32353280, 30041143, 10854647, 49022555, 17587165, 49161940, 17587165
32399360, 30083714, 10870099, 49028254, 17587165, 49169380, 17587165
32445440, 30126620, 10885551, 49034401, 17587165, 49176554, 17587165
32491520, 30169190, 10901003, 49041772, 17587165, 49183004, 17587165
32537600, 30211761, 10916455, 49049506, 17587165, 49188891, 17587165
32583680, 30256341, 10931907, 49056088, 17587165, 49194781, 17587165
32629760, 30300252, 10947360, 49062768, 17587165, 49201437, 17587165
32675840, 30343158, 10962812, 49069479, 17587165, 49208864, 17587165
32721920, 30385728, 10978264, 49075081, 17587165, 49216315, 17587165
32768000, 30428634, 10993716, 49178322, 17587165, 49222903, 17587165
32814080, 30471889, 11009184, 49185804, 17587165, 49229358, 17587165
32860160, 30514795, 11024636, 49193299, 17587165, 49235112, 17587165
32906240, 30559041, 11040088, 49199869, 17587165, 49241682, 17587165
32952320, 30602951, 11055540, 49206541, 17587165, 49248354, 17587165
32998400, 30645522, 11070992, 49212609, 17587165, 49255806, 17587165
33044480, 30688427, 11086444, 49218517, 17587165, 49263098, 17587165
33090560, 30730998, 11101896, 49225665, 17587165, 49269554, 17587165
33136640, 30773904, 11117349, 49233116, 17587165, 49275567, 17587165
33182720, 30818149, 11132801, 49240297, 17587165, 49281418, 17587165
33228800, 30861725, 11148253, 49246517, 17587165, 49288119, 17587165
33274880, 30904965, 11163705, 49253202, 17587165, 49294748, 17587165
33320960, 30947871, 11179157, 49259297, 17587165, 49302363, 17587165
33367040, 30991797, 11194625, 49266089, 17587165, 49309286, 17587165
33413120, 31034367, 11210077, 49273710, 17587165, 49316056, 17587165
33459200, 31077943, 11225529, 49281593, 17587165, 49322022, 17587165
33505280, 31122523, 11240981, 49288211, 17587165, 49328640, 17587165
33551360, 31166769, 11256433, 49295479, 17587165, 49335216, 17587165
33597440, 31210345, 11271886, 49301781, 17587165, 49342831, 17587165
33643520, 31253250, 11287338, 49438185, 17587165, 49350744, 17587165
33689600, 31296491, 11302790, 49445414, 17587165, 49357253, 17587165
33735680, 31339396, 11318242, 49453158, 17587165, 49363557, 17587165
33781760, 31383307, 11333694, 49460448, 17587165, 49369514, 17587165
33827840, 31428223, 11349146, 49466967, 17587165, 49376646, 17587165
33873920, 31472133, 11364599, 49474225, 17587165, 49383317, 17587165
33920000, 31515039, 11380051, 49480409, 17587165, 49390932, 17587165
33966080, 31558964, 11395518, 49486725, 17587165, 49398103, 17587165
34012160, 31601870, 11410970, 49494397, 17587165, 49404892, 17587165
34058240, 31644776, 11426423, 49502155, 17587165, 49411114, 17587165
34104320, 31689356, 11441875, 49508880, 17587165, 49417196, 17587165
34150400, 31733602, 11457327, 49515932, 17587165, 49424171, 17587165
34196480, 31777177, 11472779, 49522631, 17587165, 49431590, 17587165
34242560, 31820418, 11488231, 49528666, 17587165, 49439196, 17587165
34288640, 31863324, 11503683, 49535629, 17587165, 49446363, 17587165
34334720, 31906564, 11519136, 49543378, 17587165, 49453244, 17587165
34380800, 31950140, 11534588, 49550829, 17587165, 49459788, 17587165
34426880, 31994385, 11550040, 49557386, 17587165, 49837723, 17587165
34472960, 32038966, 11565492, 49564839, 17587165, 49844808, 17587165
34519040, 32082222, 11580960, 49570910, 17587165, 49852890, 17587165
34565120, 32125797, 11596412, 49577286, 17587165, 49860795, 17587165
34611200, 32168703, 11611864, 49585106, 17587165, 49867907, 17587165
34657280, 32211608, 11627316, 49592721, 17587165, 49874442, 17587165
34703360, 32256524, 11642768, 49599755, 17587165, 49919764, 17587165
34749440, 32300435, 11658220, 49606782, 17587165, 49927037, 17587165
34795520, 32344345, 11673672, 49613884, 17587165, 49950991, 17587165
34841600, 32387251, 11689125, 49620287, 17587165, 49975304, 17587165
34887680, 32430491, 11704577, 49627123, 17587165, 49982140, 17587165
34933760, 32473397, 11720029, 49634755, 17587165, 49988865, 17587165
34979840, 32516638, 11735481, 49642659, 17587165, 49994844, 17587165
35025920, 32561218, 11750933, 49889453, 17587165, 50001626, 17587165
35072000, 32605464, 11766385, 49907375, 17587165, 50008216, 17587165
35118080, 32649054, 11781853, 49913764, 17587165, 50015888, 17587165
35164160, 32692630, 11797305, 49919825, 17587165, 50023502, 17587165
35210240, 32735536, 11812757, 49927268, 17587165, 50089001, 17587165
35256320, 32778776, 11828209, 49934943, 17587165, 50095127, 17587165
35302400, 32823022, 11843662, 49942162, 17587165, 50101063, 17587165
35348480, 32866932, 11859114, 49949017, 17587165, 50107918, 17587165
35394560, 32911178, 11874566, 50002011, 17587165, 50114591, 17587165
35440640, 32954084, 11890018, 50008050, 17587165, 50122164, 17587165
35486720, 32997659, 11905470, 50014248, 17587165, 50129215, 17587165
35532800, 33040565, 11920922, 50021908, 17587165, 50135878, 17587165
35578880, 33083470, 11936375, 50029523, 17587165, 50202643, 17587165
35624960, 33128051, 11951827, 50036262, 17587165, 50208945, 17587165
35671040, 33172982, 11967294, 50043018, 17587165, 50232867, 17587165
35717120, 33216557, 11982746, 50049427, 17587165, 50240065, 17587165
35763200, 33259463, 11998199, 50055336, 17587165, 50247428, 17587165
35809280, 33302703, 12013651, 50062484, 17587165, 50253959, 17587165
35855360, 33345609, 12029103, 50070007, 17587165, 50260006, 17587165
35901440, 33389520, 12044555, 50077118, 17587165, 50265641, 17587165
35947520, 33434435, 12060007, 50083472, 17587165, 50272343, 17587165
35993600, 33478346, 12075459, 50090837, 17587165, 50278532, 17587165
36039680, 33521251, 12090912, 50096807, 17587165, 50285870, 17587165
36085760, 33564492, 12106364, 50102793, 17587165, 50292975, 17587165
36131840, 33607398, 12121816, 50110434, 17587165, 50299383, 17587165
36177920, 33650303, 12137268, 50235004, 17587165, 50305051, 17587165
36224000, 33695219, 12152720, 50241960, 17587165, 50310945, 17587165
36270080, 33739814, 12168188, 50248471, 17587165, 50317430, 17587165
36316160, 33783055, 12183640, 50255327, 17587165, 50324312, 17587165
36362240, 33826631, 12199092, 50261274, 17587165, 50331675, 17587165
36408320, 33869536, 12214544, 50267887, 17587165, 50338288, 17587165
36454400, 33912777, 12229996, 50275549, 17587165, 50344534, 17587165
36500480, 33956017, 12245448, 50282609, 17587165, 50350178, 17587165
36546560, 34000598, 12260901, 50289155, 17587165, 50356724, 17587165
36592640, 34045179, 12276353, 50352386, 17587165, 50363012, 17587165
36638720, 34088084, 12291805, 50358537, 17587165, 50370769, 17587165
36684800, 34131325, 12307257, 50364344, 17587165, 50378519, 17587165
36730880, 34174230, 12322709, 50371599, 17587165, 50385294, 17587165
36776960, 34217471, 12338161, 50379151, 17587165, 50391483, 17587165
36823040, 34262737, 12353629, 50386066, 17587165, 50397703, 17587165
36869120, 34307317, 12369081, 50392436, 17587165, 50404480, 17587165
36915200, 34351563, 12384533, 50398706, 17587165, 50411759, 17587165
36961280, 34395473, 12399985, 50404234, 17587165, 50419267, 17587165
37007360, 34439384, 12415438, 50411317, 17587165, 50426143, 17587165
37053440, 34482960, 12430890, 50418860, 17587165, 50431913, 17587165
37099520, 34528210, 12446342, 50424982, 17587165, 50438720, 17587165
37145600, 34573461, 12461794, 50431678, 17587165, 50445106, 17587165
37191680, 34617036, 12477246, 50521761, 17587165, 50452855, 17587165
37237760, 34660947, 12492698, 50527770, 17587165, 50460078, 17587165
37283840, 34704523, 12508151, 50535319, 17587165, 50466334, 17587165
37329920, 34749773, 12523603, 50542093, 17587165, 50472218, 17587165
37376000, 34794689, 12539055, 50548499, 17587165, 50479244, 17587165
37422080, 34838949, 12554522, 50554808, 17587165, 50486294, 17587165
37468160, 34883195, 12569975, 50560277, 17587165, 50493986, 17587165
37514240, 34927106, 12585427, 50567315, 17587165, 50500684, 17587165
37560320, 34970681, 12600879, 50574754, 17587165, 50506981, 17587165
37606400, 35015932, 12616331, 50580930, 17587165, 50513898, 17587165
37652480, 35061182, 12631783, 50587567, 17587165, 50520631, 17587165
37698560, 35104758, 12647235, 50593324, 17587165, 50528662, 17587165
37744640, 35148669, 12662688, 50599310, 17587165, 50536169, 17587165
37790720, 35191909, 12678140, 50606823, 17587165, 50543015, 17587165
37836800, 35235485, 12693592, 50708169, 17587165, 50549367, 17587165
37882880, 35279730, 12709044, 50714420, 17587165, 50556986, 17587165
37928960, 35324311, 12724496, 50721268, 17587165, 50563834, 17587165
37975040, 35367567, 12739964, 50727262, 17587165, 50571674, 17587165
38021120, 35410807, 12755416, 50733287, 17587165, 50579563, 17587165
38067200, 35454048, 12770868, 50740290, 17587165, 50586873, 17587165
38113280, 35496953, 12786320, 50747779, 17587165, 50593373, 17587165
38159360, 35541869, 12801772, 50754385, 17587165, 50599924, 17587165
38205440, 35585780, 12817224, 50760888, 17587165, 50960313, 17587165
38251520, 35629690, 12832677, 50767706, 17587165, 50967799, 17587165
38297600, 35672261, 12848129, 50773328, 17587165, 50975917, 17587165
38343680, 35715836, 12863581, 50779888, 17587165, 50983489, 17587165
38389760, 35758742, 12879033, 50787134, 17587165, 50990675, 17587165
38435840, 35801983, 12894485, 50794363, 17587165, 50997056, 17587165
38481920, 35846563, 12909937, 50800912, 17587165, 51004339, 17587165
38528000, 35890809, 12925390, 50807739, 17587165, 51011112, 17587165
38574080, 35934399, 12940857, 50813752, 17587165, 51019237, 17587165
38620160, 35977640, 12956309, 50819691, 17587165, 51027294, 17587165
38666240, 36020881, 12971761, 50826435, 17587165, 51034706, 17587165
38712320, 36064121, 12987214, 50833938, 17587165, 51107267, 17587165
38758400, 36108367, 13002666, 50840790, 17587165, 51113767, 17587165
38804480, 36152277, 13018118, 50847386, 17587165, 51121146, 17587165
38850560, 36196523, 13033570, 50854493, 17587165, 51128309, 17587165
38896640, 36239429, 13049022, 50860903, 17587165, 51136416, 17587165
38942720, 36283004, 13064474, 50867117, 17587165, 51144086, 17587165
38988800, 36325910, 13079927, 50874710, 17587165, 51151387, 17587165
39034880, 36368815, 13095379, 50882514, 17587165, 51157727, 17587165
39080960, 36413396, 13110831, 50889184, 17587165, 51164697, 17587165
39127040, 36458327, 13126298, 50896203, 17587165, 51171615, 17587165
39173120, 36501902, 13141751, 50902750, 17587165, 51179515, 17587165
39219200, 36544473, 13157203, 50909190, 17587165, 51187615, 17587165
39265280, 36588048, 13172655, 50915920, 17587165, 51195073, 17587165
39311360, 36630954, 13188107, 50923596, 17587165, 51201850, 17587165
39357440, 36674865, 13203559, 50931247, 17587165, 51208216, 17587165
39403520, 36719780, 13219011, 50937439, 17587165, 51297055, 17587165
39449600, 36763691, 13234464, 50944779, 17587165, 51303879, 17587165
39495680, 36806596, 13249916, 50950881, 17587165, 51311937, 17587165
39541760, 36849837, 13265368, 50957205, 17587165, 51319690, 17587165
39587840, 36892743, 13280820, 50964988, 17587165, 51349295, 17587165
39633920, 36935648, 13296272, 50972730, 17587165, 51355504, 17587165
39680000, 36980564, 13311724, 50979271, 17587165, 51361982, 17587165
39726080, 37025159, 13327192, 50986460, 17587165, 51369029, 17587165
39772160, 37068400, 13342644, 50993491, 17587165, 51376431, 17587165
39818240, 37111641, 13358096, 50999938, 17587165, 51384357, 17587165
39864320, 37154881, 13373548, 51007084, 17587165, 51391713, 17587165
39910400, 37198122, 13389000, 51014871, 17587165, 51398525, 17587165
39956480, 37241697, 13404453, 51022622, 17587165, 51404701, 17587165
40002560, 37285943, 13419905, 51029692, 17587165, 51411927, 17587165
40048640, 37330524, 13435357, 51037011, 17587165, 51418448, 17587165
40094720, 37373429, 13450809, 51043536, 17587165, 51426366, 17587165
40140800, 37416335, 13466261, 51050082, 17587165, 51434157, 17587165
40186880, 37459575, 13481713, 51057587, 17587165, 51441361, 17587165
40232960, 37502816, 13497166, 51360008, 17587165, 51447697, 17587165
40279040, 37548082, 13512633, 51367318, 17587165, 51454042, 17587165
40325120, 37591992, 13528085, 51374383, 17587165, 51461231, 17587165
40371200, 37635903, 13543537, 51381776, 17587165, 51468375, 17587165
40417280, 37678473, 13558990, 51388060, 17587165, 51476296, 17587165
40463360, 37722049, 13574442, 51394930, 17587165, 51483690, 17587165
40509440, 37764955, 13589894, 51403215, 17587165, 51490904, 17587165
40555520, 37808195, 13605346, 51411009, 17587165, 51497242, 17587165
40601600, 37852776, 13620798, 51418172, 17587165, 51504405, 17587165
40647680, 37897021, 13636250, 51425634, 17587165, 51511139, 17587165
40693760, 37940597, 13651703, 51432260, 17587165, 51519221, 17587165
40739840, 37983168, 13667155, 51438911, 17587165, 51527328, 17587165
40785920, 38026743, 13682607, 51446310, 17587165, 51534727, 17587165
40832000, 38069649, 13698059, 51454425, 17587165, 51541386, 17587165
40878080, 38114579, 13713527, 51461745, 17587165, 51547899, 17587165
40924160, 38158490, 13728979, 51468578, 17587165, 51555269, 17587165
40970240, 38202736, 13744431, 51476119, 17587165, 51562352, 17587165
41016320, 38245306, 13759883, 51482762, 17587165, 51570451, 17587165
41062400, 38289217, 13775335, 51489123, 17587165, 51578124, 17587165
41108480, 38332122, 13790787, 51497182, 17587165, 51585504, 17587165
41154560, 38375028, 13806240, 51505609, 17587165, 51591842, 17587165
41200640, 38419609, 13821692, 51512495, 17587165, 51598728, 17587165
41246720, 38463854, 13837144, 51519749, 17587165, 51605746, 17587165
41292800, 38508100, 13852596, 51526596, 17587165, 51613557, 17587165
41338880, 38551340, 13868048, 51533091, 17587165, 51621508, 17587165
41384960, 38595921, 13883500, 51540450, 17587165, 51628479, 17587165
41431040, 38640182, 13898968, 51548396, 17587165, 51634627, 17587165
41477120, 38685767, 13914420, 51555087, 17587165, 51642048, 17587165
41523200, 38730348, 13929872, 51562827, 17587165, 51649060, 17587165
41569280, 38773588, 13945324, 51568900, 17587165, 51657317, 17587165
41615360, 38817499, 13960776, 51575899, 17587165, 51665044, 17587165
41661440, 38861745, 13976229, 51743245, 17587165, 51671922, 17587165
41707520, 38906995, 13991681, 51750453, 17587165, 51678367, 17587165
41753600, 38951576, 14007133, 51757752, 17587165, 51685319, 17587165
41799680, 38995821, 14022585, 51764451, 17587165, 51693292, 17587165
41845760, 39039062, 14038037, 51770861, 17587165, 51701417, 17587165
41891840, 39083643, 14053489, 51778488, 17587165, 51708691, 17587165
41937920, 39127218, 14068942, 51786474, 17587165, 51715151, 17587165
41984000, 39172469, 14084394, 51793202, 17587165, 51722299, 17587165
42030080, 39218069, 14099861, 51800646, 17587165, 51729323, 17587165
42076160, 39261310, 14115313, 51806837, 17587165, 51737803, 17587165
42122240, 39305221, 14130766, 51813739, 17587165, 51745468, 17587165
42168320, 39349466, 14146218, 51821906, 17587165, 51752109, 17587165
42214400, 39394717, 14161670, 51829138, 17587165, 51758578, 17587165
42260480, 39439297, 14177122, 51836413, 17587165, 51765853, 17587165
42306560, 39483543, 14192574, 51843156, 17587165, 51773506, 17587165
42352640, 39526784, 14208026, 51849560, 17587165, 51780926, 17587165
42398720, 39571364, 14223479, 51857156, 17587165, 52077089, 17587165
42444800, 39614940, 14238931, 51865376, 17587165, 52083393, 17587165
42490880, 39660190, 14254383, 51872165, 17587165, 52090930, 17587165
42536960, 39705441, 14269835, 51879340, 17587165, 52097952, 17587165
42583040, 39749032, 14285303, 51885525, 17587165, 52106351, 17587165
42629120, 39792942, 14300755, 51892447, 17587165, 52114106, 17587165
42675200, 39837188, 14316207, 51900676, 17587165, 52120776, 17587165
42721280, 39882438, 14331659, 51907922, 17587165, 52127211, 17587165
42767360, 39927019, 14347111, 51915321, 17587165, 52134540, 17587165
42813440, 39971265, 14362563, 51921856, 17587165, 52142462, 17587165
42859520, 40014505, 14378016, 51928248, 17587165, 52150650, 17587165
42905600, 40059086, 14393468, 51935959, 17587165, 52157946, 17587165
42951680, 40102661, 14408920, 51943824, 17587165, 52164203, 17587165
42997760, 40147912, 14424372, 51950609, 17587165, 52171625, 17587165
43043840, 40193163, 14439824, 51958287, 17587165, 52178589, 17587165
43089920, 40236403, 14455276, 51964452, 17587165, 52186914, 17587165
43136000, 40280314, 14470728, 51971033, 17587165, 52194678, 17587165
43182080, 40324909, 14486196, 51979251, 17587165, 52201394, 17587165
43228160, 40370160, 14501648, 51986565, 17587165, 52207832, 17587165
43274240, 40414741, 14517100, 51994031, 17587165, 52301648, 17587165
43320320, 40458986, 14532552, 52000563, 17587165, 52309561, 17587165
43366400, 40502227, 14548005, 52006940, 17587165, 52317793, 17587165
43412480, 40546807, 14563457, 52014688, 17587165, 52325129, 17587165
43458560, 40590383, 14578909, 52022519, 17587165, 52331404, 17587165
43504640, 40635634, 14594361, 52029374, 17587165, 52338815, 17587165
43550720, 40680884, 14609813, 52037020, 17587165, 52345791, 17587165
43596800, 40724125, 14625265, 52207187, 17587165, 52354144, 17587165
43642880, 40768035, 14640718, 52214225, 17587165, 52361930, 17587165
43688960, 40811946, 14656170, 52222480, 17587165, 52368689, 17587165
43735040, 40857882, 14671637, 52229863, 17587165, 52375145, 17587165
43781120, 40902462, 14687089, 52237186, 17587165, 52382485, 17587165
43827200, 40946708, 14702542, 52244190, 17587165, 52390375, 17587165
43873280, 40989948, 14717994, 52250940, 17587165, 52398645, 17587165
43919360, 41034529, 14733446, 52258425, 17587165, 52405975, 17587165
43965440, 41078105, 14748898, 52266795, 17587165, 52412256, 17587165
44011520, 41123355, 14764350, 52273626, 17587165, 52419628, 17587165
44057600, 41168606, 14779802, 52281144, 17587165, 52426605, 17587165
44103680, 41211846, 14795255, 52287570, 17587165, 52434954, 17587165
44149760, 41255757, 14810707, 52294490, 17587165, 52442744, 17587165
44195840, 41299668, 14826159, 52302849, 17587165, 52449572, 17587165
44241920, 41344918, 14841611, 52310602, 17587165, 52456063, 17587165
44288000, 41389834, 14857063, 52318006, 17587165, 52463467, 17587165
44334080, 41434429, 14872531, 52324746, 17587165, 52471386, 17587165
44380160, 41477670, 14887983, 52402357, 17587165, 52479728, 17587165
44426240, 41522251, 14903435, 52409944, 17587165, 52487120, 17587165
44472320, 41565826, 14918887, 52418276, 17587165, 52493425, 17587165
44518400, 41611077, 14934339, 52425103, 17587165, 52500816, 17587165
44564480, 41656327, 14949792, 52452941, 17587165, 52507842, 17587165
44610560, 41699568, 14965244, 52459242, 17587165, 52516252, 17587165
44656640, 41743479, 14980696, 52466134, 17587165, 52524079, 17587165
44702720, 41787054, 14996148, 52474096, 17587165, 52531254, 17587165
44748800, 41830630, 15011600, 52482169, 17587165, 52537870, 17587165
44794880, 41874875, 15027052, 52488842, 17587165, 52698205, 17587165
44840960, 41918786, 15042504, 52496580, 17587165, 52705248, 17587165
44887040, 41962042, 15057972, 52503411, 17587165, 52713712, 17587165
44933120, 42005282, 15073424, 52510014, 17587165, 52722107, 17587165
44979200, 42048858, 15088876, 52559326, 17587165, 52729804, 17587165
45025280, 42093438, 15104328, 52572014, 17587165, 52736119, 17587165
45071360, 42138689, 15119781, 52579028, 17587165, 52743276, 17587165
45117440, 42183270, 15135233, 52586127, 17587165, 52750312, 17587165
45163520, 42226845, 15150685, 52592420, 17587165, 52758762, 17587165
45209600, 42270756, 15166137, 52598917, 17587165, 52766763, 17587165
45255680, 42314666, 15181589, 52606815, 17587165, 52773835, 17587165
45301760, 42360252, 15197041, 52614005, 17587165, 52780121, 17587165
45347840, 42405168, 15212494, 52620894, 17587165, 52787459, 17587165
45393920, 42448743, 15227946, 52628005, 17587165, 52795367, 17587165
45440000, 42491984, 15243398, 52634243, 17587165, 52803808, 17587165
45486080, 42536579, 15258865, 52641043, 17587165, 52811520, 17587165
45532160, 42580825, 15274318, 52649095, 17587165, 52817832, 17587165
45578240, 42626411, 15289770, 52655995, 17587165, 52824940, 17587165
45624320, 42670991, 15305222, 52719744, 17587165, 52831989, 17587165
45670400, 42714567, 15320674, 52725927, 17587165, 52840440, 17587165
45716480, 42758477, 15336126, 52731817, 17587165, 52848440, 17587165
45762560, 42802388, 15351578, 52739568, 17587165, 52855539, 17587165
45808640, 42847639, 15367031, 52747317, 17587165, 52861830, 17587165
45854720, 42892889, 15382483, 52753899, 17587165, 52869168, 17587165
45900800, 42936465, 15397935, 52761020, 17587165, 52877045, 17587165
45946880, 42979705, 15413387, 52767185, 17587165, 52885478, 17587165
45992960, 43023616, 15428839, 52773598, 17587165, 52893223, 17587165
46039040, 43068547, 15444307, 52781572, 17587165, 52899541, 17587165
46085120, 43114132, 15459759, 52788316, 17587165, 52906609, 17587165
46131200, 43158713, 15475211, 52795537, 17587165, 52913667, 17587165
46177280, 43202288, 15490663, 52801775, 17587165, 52922114, 17587165
46223360, 43246199, 15506115, 52808073, 17587165, 52930146, 17587165
46269440, 43290110, 15521568, 52815935, 17587165, 52937252, 17587165
46315520, 43335360, 15537020, 52823087, 17587165, 52943539, 17587165
46361600, 43380611, 15552472, 52829803, 17587165, 52950881, 17587165
46407680, 43424186, 15567924, 52836901, 17587165, 52958722, 17587165
46453760, 43467427, 15583376, 52842968, 17587165, 52967156, 17587165
46499840, 43511338, 15598828, 52849804, 17587165, 52974901, 17587165
46545920, 43555918, 15614280, 52857989, 17587165, 52981250, 17587165
46592000, 43601169, 15629733, 52865053, 17587165, 52988272, 17587165
46638080, 43646434, 15645200, 52872570, 17587165, 53143821, 17587165
46684160, 43689675, 15660652, 52879067, 17587165, 53152382, 17587165
46730240, 43733921, 15676104, 52885501, 17587165, 53160558, 17587165
46776320, 43777831, 15691557, 52893496, 17587165, 53167737, 17587165
46822400, 43823082, 15707009, 52901447, 17587165, 53192878, 17587165
46868480, 43867997, 15722461, 52908224, 17587165, 53200131, 17587165
46914560, 43911908, 15737913, 52915657, 17587165, 53207858, 17587165
46960640, 43955149, 15753365, 52921940, 17587165, 53216283, 17587165
47006720, 43999059, 15768817, 52928939, 17587165, 53223959, 17587165
47052800, 44043305, 15784270, 52937315, 17587165, 53230286, 17587165
47098880, 44088890, 15799722, 53102069, 17587165, 53237190, 17587165
47144960, 44133471, 15815174, 53109783, 17587165, 53244134, 17587165
47191040, 44177397, 15830641, 53116005, 17587165, 53252581, 17587165
47237120, 44221307, 15846094, 53122452, 17587165, 53260653, 17587165
47283200, 44265553, 15861546, 53130428, 17587165, 53267689, 17587165
47329280, 44310803, 15876998, 53138247, 17587165, 53273929, 17587165
47375360, 44355719, 15892450, 53145278, 17587165, 53281169, 17587165
47421440, 44399630, 15907902, 53152967, 17587165, 53288858, 17587165
47467520, 44442870, 15923354, 53159087, 17587165, 53297288, 17587165
47513600, 44486781, 15938807, 53165994, 17587165, 53304965, 17587165
47559680, 44531026, 15954259, 53174250, 17587165, 53311316, 17587165
47605760, 44576612, 15969711, 53181521, 17587165, 53318182, 17587165
47651840, 44621193, 15985163, 53188891, 17587165, 53325133, 17587165
47697920, 44664768, 16000615, 53195457, 17587165, 53333557, 17587165
47744000, 44708679, 16016067, 53202007, 17587165, 53341748, 17587165
47790080, 44753274, 16031535, 53209897, 17587165, 53348868, 17587165
47836160, 44798525, 16046987, 53217746, 17587165, 53355177, 17587165
47882240, 44843441, 16062439, 53224630, 17587165, 53362555, 17587165
47928320, 44887351, 16077891, 53232135, 17587165, 53370319, 17587165
47974400, 44930592, 16093344, 53238433, 17587165, 53378833, 17587165
48020480, 44974502, 16108796, 53245433, 17587165, 53386606, 17587165
48066560, 45018748, 16124248, 53253765, 17587165, 53393090, 17587165
48112640, 45064334, 16139700, 53261064, 17587165, 53400035, 17587165
48158720, 45108914, 16155152, 53268500, 17587165, 53407098, 17587165
48204800, 45152490, 16170604, 53275157, 17587165, 53415619, 17587165
48250880, 45196400, 16186056, 53281775, 17587165, 53423826, 17587165
48296960, 45240981, 16201509, 53289722, 17587165, 53431003, 17587165
48343040, 45286247, 16216976, 53297600, 17587165, 53549370, 17587165
48389120, 45331162, 16232428, 53304486, 17587165, 53556755, 17587165
48435200, 45375073, 16247880, 53312121, 17587165, 53564518, 17587165
48481280, 45418313, 16263333, 53318430, 17587165, 53573089, 17587165
48527360, 45462224, 16278785, 53325561, 17587165, 53580938, 17587165
48573440, 45506470, 16294237, 53333721, 17587165, 53587460, 17587165
48619520, 45552055, 16309689, 53340847, 17587165, 53594394, 17587165
48665600, 45596636, 16325141, 53348669, 17587165, 53601477, 17587165
48711680, 45640211, 16340593, 53355150, 17587165, 53610048, 17587165
48757760, 45684122, 16356046, 53361649, 17587165, 53618320, 17587165
48803840, 45728368, 16371498, 53369667, 17587165, 53625559, 17587165
48849920, 45772948, 16386950, 53377573, 17587165, 53631907, 17587165
48896000, 45818199, 16402402, 53384472, 17587165, 53639300, 17587165
48942080, 45862794, 16417870, 53392165, 17587165, 53647031, 17587165
48988160, 45906035, 16433322, 53398932, 17587165, 53655603, 17587165
49034240, 45949946, 16448774, 53406026, 17587165, 53663476, 17587165
49080320, 45994191, 16464226, 53414185, 17587165, 53670004, 17587165
49126400, 46039777, 16479678, 53421793, 17587165, 53676906, 17587165
49172480, 46084357, 16495130, 53429236, 17587165, 53683984, 17587165
49218560, 46127933, 16510583, 53436093, 17587165, 53692556, 17587165
49264640, 46171844, 16526035, 53442736, 17587165, 53753989, 17587165
49310720, 46216089, 16541487, 53450762, 17587165, 53761228, 17587165
49356800, 46260335, 16556939, 53458850, 17587165, 53767559, 17587165
49402880, 46305920, 16572391, 53466014, 17587165, 53774906, 17587165
49448960, 46349831, 16587843, 53473731, 17587165, 53782550, 17587165
49495040, 46393757, 16603311, 53480221, 17587165, 53791129, 17587165
49541120, 46437667, 16618763, 53487299, 17587165, 53799033, 17587165
49587200, 46481913, 16634215, 53495742, 17587165, 53825391, 17587165
49633280, 46527498, 16649667, 53503275, 17587165, 53832084, 17587165
49679360, 46572079, 16665120, 53511073, 17587165, 53839025, 17587165
49725440, 46615655, 16680572, 53517643, 17587165, 53847503, 17587165
49771520, 46659230, 16696024, 53524291, 17587165, 53855661, 17587165
49817600, 46703811, 16711476, 53532298, 17587165, 53862858, 17587165
49863680, 46748056, 16726928, 53540619, 17587165, 53869099, 17587165
49909760, 46793642, 16742380, 53547920, 17587165, 53876337, 17587165
49955840, 46837553, 16757832, 53556277, 17587165, 53883830, 17587165
50001920, 46880793, 16773285, 53562770, 17587165, 53892300, 17587165
50048000, 46924704, 16788737, 53570368, 17587165, 53900156, 17587165
50094080, 46969634, 16804204, 53578854, 17587165, 53906569, 17587165
50140160, 47015220, 16819656, 53586727, 17587165, 53913227, 17587165
50186240, 47059801, 16835109, 53594508, 17587165, 53920151, 17587165
50232320, 47103376, 16850561, 53601677, 17587165, 53928642, 17587165
50278400, 47146952, 16866013, 53608585, 17587165, 53936826, 17587165
50324480, 47191532, 16881465, 53617010, 17587165, 53944031, 17587165
50370560, 47235778, 16896917, 53625258, 17587165, 53950280, 17587165
50416640, 47281364, 16912369, 53632865, 17587165, 53957497, 17587165
50462720, 47325274, 16927822, 53640726, 17587165, 53965005, 17587165
50508800, 47368515, 16943274, 53647504, 17587165, 53973617, 17587165
50554880, 47412425, 16958726, 53654875, 17587165, 53981625, 17587165
50600960, 47456671, 16974178, 53663619, 17587165, 53988203, 17587165
50647040, 47502942, 16989646, 53671306, 17587165, 53995006, 17587165
50693120, 47547522, 17005098, 53679227, 17587165, 54002109, 17587165
50739200, 47590763, 17020550, 53686441, 17587165, 54010721, 17587165
50785280, 47634673, 17036002, 53692973, 17587165, 54019090, 17587165
50831360, 47679589, 17051454, 53700731, 17587165, 54026749, 17587165
50877440, 47724170, 17066906, 53709006, 17587165, 54033436, 17587165
50923520, 47769755, 17082359, 53716539, 17587165, 54041171, 17587165
50969600, 47814336, 17097811, 53724460, 17587165, 54049092, 17587165
51015680, 47858246, 17113263, 53730673, 17587165, 54058017, 17587165
51061760, 47902492, 17128715, 53737609, 17587165, 54066640, 17587165
51107840, 47947073, 17144167, 53746281, 17587165, 54160746, 17587165
51153920, 47992658, 17159619, 53862404, 17587165, 54167525, 17587165
51200000, 48037574, 17175072, 53870371, 17587165, 54174669, 17587165
51246080, 48081164, 17190539, 53878273, 17587165, 54183394, 17587165
51292160, 48125410, 17205991, 53885368, 17587165, 54192097, 17587165
51338240, 48169991, 17221443, 53893680, 17587165, 54199605, 17587165
51384320, 48213901, 17236896, 53902822, 17587165, 54206003, 17587165
51430400, 48259152, 17252348, 53910657, 17587165, 54228290, 17587165
51476480, 48303397, 17267800, 53919395, 17587165, 54235772, 17587165
51522560, 48346973, 17283252, 53926409, 17587165, 54244394, 17587165
51568640, 48390884, 17298704, 53933897, 17587165, 54252686, 17587165
51614720, 48435129, 17314156, 53942928, 17587165, 54259305, 17587165
51660800, 48480380, 17329608, 53972741, 17587165, 54265637, 17587165
51706880, 48525295, 17345061, 53981191, 17587165, 54272644, 17587165
51752960, 48568871, 17360513, 53988556, 17587165, 54281240, 17587165
51799040, 48613132, 17375980, 53995794, 17587165, 54308955, 17587165
51845120, 48657712, 17391432, 54003946, 17587165, 54316303, 17587165
51891200, 48701623, 17406885, 54026271, 17587165, 54322548, 17587165
51937280, 48746873, 17422337, 54034080, 17587165, 54329431, 17587165
51983360, 48791119, 17437789, 54042476, 17587165, 54336768, 17587165
52029440, 48834695, 17453241, 54049370, 17587165, 54345295, 17587165
52075520, 48878605, 17468693, 54056546, 17587165, 54353492, 17587165
52121600, 48922851, 17484145, 54065516, 17587165, 54360048, 17587165
52167680, 48968101, 17499598, 54074047, 17587165, 54366304, 17587165
52213760, 49013017, 17515050, 54082047, 17587165, 54373179, 17587165
52259840, 49056593, 17530502, 54089598, 17587165, 54381628, 17587165
52305920, 49100168, 17545954, 54096495, 17587165, 54411910, 17587165
52352000, 49144749, 17561406, 54104625, 17587165, 54419282, 17587165
52398080, 49189009, 17576874, 54113377, 17587165, 54425512, 17587165
