20
1 1 1 3 10001 1073741824 0.10
2 1 1 3 10001 1073741824 0.10
3 2 2 3 10002 1073741824 0.10
4 4 4 3 10004 1073741824 0.10
5 4 4 3 10004 1073741824 0.10
1 1 2 3 10001 1073741824 0.14
2 1 3 3 10001 1073741824 0.14
3 2 3 3 10002 1073741824 0.14
4 4 5 3 10004 1073741824 0.14
5 4 5 3 10004 1073741824 0.14
1 2 2 3 10002 1073741824 0.18
2 3 3 3 10003 1073741824 0.18
3 3 3 3 10003 1073741824 0.18
4 5 5 3 10005 1073741824 0.18
5 5 5 3 10005 1073741824 0.18
1 2 1 3 10002 1073741824 0.22
2 3 1 3 10003 1073741824 0.22
3 3 2 3 10003 1073741824 0.22
4 5 4 3 10005 1073741824 0.22
5 5 4 3 10005 1073741824 0.22
